13,594,-74.001717,40.709438,1141,-73.98996700000001,40.712646,09:21:00
216,1012,-73.992622,40.718849,2868,-73.953209,40.788528,02:36:00
425,214,-74.008881,40.704861,2646,-73.958488,40.778168,13:21:00
571,2299,-73.967789,40.801296,2662,-73.95826,40.810623,08:19:00
578,3452,-73.941353,40.851246,2107,-73.97221400000001,40.793949,08:16:00
588,3231,-73.94548,40.807774,3874,-73.932152,40.800457,12:27:00
662,3557,-73.939522,40.798626,2434,-73.963936,40.797131,08:43:00
758,427,-74.00527199999999,40.728851,127,-74.010559,40.713844,10:45:00
900,25,-74.015518,40.707676,190,-74.009331,40.718693,10:53:00
959,6,-74.017395,40.708458,330,-74.006973,40.729496000000005,12:54:00
1084,2434,-73.963936,40.797131,2983,-73.95092,40.791676,13:35:00
1108,3089,-73.948509,40.836365,2192,-73.970108,40.762238,13:26:00
1452,717,-73.998886,40.712601,443,-74.004974,40.715759000000006,09:58:00
1524,1164,-73.989616,40.720463,164,-74.009911,40.726074,02:43:00
1677,313,-74.007286,40.708698,1355,-73.985886,40.771324,11:13:00
1764,271,-74.008003,40.707977,735,-73.99852800000001,40.719788,08:45:00
1775,1343,-73.986191,40.738419,427,-74.00527199999999,40.728851,12:29:00
2062,349,-74.006622,40.736431,574,-74.002121,40.732841,13:00:00
2269,182,-74.009537,40.723434000000005,198,-74.009117,40.716919,14:52:00
2300,291,-74.00769,40.712547,12,-74.016762,40.709332,11:10:00
2432,123,-74.010696,40.717468,615,-74.001389,40.734482,12:48:00
2538,179,-74.009636,40.717335,257,-74.00823199999999,40.721965999999995,13:03:00
2632,1728,-73.979401,40.749557,288,-74.00774399999999,40.71022,12:23:00
2636,95,-74.011581,40.703518,681,-73.999702,40.711796,08:40:00
2679,2485,-73.962456,40.804885999999996,2888,-73.952911,40.821701000000004,13:33:00
2750,575,-74.002113,40.715164,210,-74.008942,40.717926,12:03:00
2754,432,-74.00518000000001,40.729446,101,-74.011505,40.702957,14:44:00
2922,3074,-73.94884499999999,40.785858000000005,2034,-73.97374,40.794594000000004,12:36:00
3045,2093,-73.97245,40.769493,2093,-73.97245,40.769493,12:59:00
3072,3184,-73.946609,40.784908,3184,-73.946609,40.784908,09:52:00
3117,2200,-73.969902,40.749736999999996,553,-74.00254100000001,40.718628,09:49:00
3380,2034,-73.97374,40.794594000000004,3762,-73.935425,40.795986,10:41:00
3493,362,-74.00643199999999,40.709557000000004,102,-74.011391,40.723625,02:48:00
3709,199,-74.00909399999999,40.72599,829,-73.996422,40.75832,12:01:00
3851,296,-74.007637,40.708346999999996,700,-73.999321,40.715919,10:54:00
3940,2505,-73.961998,40.805510999999996,2589,-73.959877,40.77626,11:24:00
4120,1684,-73.980354,40.78994,2479,-73.96257,40.791634,13:19:00
4195,220,-74.00878900000001,40.704212,330,-74.006973,40.729496000000005,11:59:00
4479,313,-74.007286,40.708698,299,-74.007561,40.725842,11:06:00
4514,2409,-73.964638,40.769740999999996,2235,-73.969116,40.798508,09:47:00
4646,50,-74.01377099999999,40.701240999999996,126,-74.010605,40.703709,12:31:00
4667,322,-74.007088,40.728767,92,-74.011673,40.709686,12:27:00
4720,3124,-73.94768499999999,40.790318,3547,-73.93968199999999,40.804443,08:30:00
4727,1254,-73.98781600000001,40.735291,275,-74.00795699999999,40.717121,12:31:00
4747,2235,-73.969116,40.798508,2485,-73.962456,40.804885999999996,11:07:00
4849,183,-74.009499,40.706379,226,-74.008698,40.719296,10:55:00
5158,1996,-73.974503,40.732727000000004,776,-73.99771899999999,40.715359,12:21:00
5216,1752,-73.978912,40.71595,536,-74.003029,40.715590999999996,10:49:00
5317,594,-74.001717,40.709438,1540,-73.982452,40.714698999999996,10:53:00
5431,2093,-73.97245,40.769493,2473,-73.962784,40.781528,12:00:00
5443,889,-73.995064,40.728809000000005,812,-73.99681899999999,40.720486,08:55:00
5520,2479,-73.96257,40.791634,2479,-73.96257,40.791634,11:25:00
5580,144,-74.010201,40.70332,1930,-73.975471,40.718895,11:55:00
5612,818,-73.996696,40.766705,2029,-73.973801,40.738369,02:43:00
5630,2479,-73.96257,40.791634,2479,-73.96257,40.791634,10:08:00
5666,528,-74.00312,40.726879,1367,-73.985519,40.721985,08:51:00
5778,222,-74.00874300000001,40.719028,427,-74.00527199999999,40.728851,08:55:00
5827,3272,-73.944771,40.787440999999994,3231,-73.94548,40.807774,09:21:00
5965,2549,-73.960976,40.799324,2453,-73.963371,40.803622999999995,10:49:00
5971,123,-74.010696,40.717468,240,-74.008415,40.744759,10:41:00
6239,1632,-73.981308,40.720711,427,-74.00527199999999,40.728851,10:37:00
6337,2093,-73.97245,40.769493,2093,-73.97245,40.769493,11:04:00
6717,42,-74.014282,40.704609000000005,199,-74.00909399999999,40.72599,02:54:00
6968,1873,-73.976517,40.754974,813,-73.996796,40.715034,09:56:00
7232,1343,-73.986191,40.738419,3747,-73.935745,40.821106,02:43:00
7341,222,-74.00874300000001,40.719028,345,-74.006691,40.720436,13:35:00
7387,2196,-73.97003199999999,40.797253000000005,1684,-73.980354,40.78994,12:36:00
7407,166,-74.009865,40.705795,1367,-73.985519,40.721985,13:41:00
7428,355,-74.0065,40.736958,3967,-73.928253,40.854321,14:03:00
7434,3628,-73.938286,40.85091,2672,-73.958023,40.778805,09:15:00
7549,226,-74.008698,40.719296,1811,-73.977783,40.712447999999995,12:18:00
7697,305,-74.00745400000001,40.706051,520,-74.003342,40.735538,11:39:00
7767,12,-74.016762,40.709332,2488,-73.96238699999999,40.761421,13:03:00
7925,432,-74.00518000000001,40.729446,189,-74.009354,40.728981,10:41:00
8152,634,-74.000908,40.752182,1377,-73.985359,40.773491,12:30:00
8154,729,-73.998627,40.713448,129,-74.010544,40.709152,13:25:00
8242,538,-74.00296800000001,40.721996000000004,1151,-73.989861,40.720531,10:35:00
8421,95,-74.011581,40.703518,195,-74.009232,40.702267,12:43:00
8627,478,-74.004227,40.731128999999996,402,-74.00569200000001,40.706375,11:02:00
8769,2954,-73.951599,40.79361,3547,-73.93968199999999,40.804443,11:55:00
8782,192,-74.009254,40.702103,183,-74.009499,40.706379,11:58:00
8809,1575,-73.982086,40.723881,379,-74.006119,40.723746999999996,11:04:00
8862,2265,-73.968475,40.796642,2455,-73.963348,40.796089,13:27:00
9265,801,-73.997063,40.754585,90,-74.011711,40.723,13:27:00
9431,164,-74.009911,40.726074,291,-74.00769,40.712547,12:24:00
9752,602,-74.001572,40.735126,27,-74.015221,40.716015000000006,11:56:00
9754,170,-74.009811,40.737553000000005,597,-74.00168599999999,40.715744,02:47:00
9806,3487,-73.94064300000001,40.805737,3220,-73.94569399999999,40.796181,11:35:00
9899,514,-74.00344799999999,40.738754,148,-74.010124,40.714382,11:29:00
9919,3424,-73.94194,40.822807,3102,-73.948166,40.83783,11:48:00
9955,2241,-73.968948,40.795986,2424,-73.964287,40.802368,12:28:00
9979,2,-74.01792900000001,40.706177000000004,436,-74.005127,40.709404,14:51:00
10051,3628,-73.938286,40.85091,2107,-73.97221400000001,40.793949,12:40:00
10103,309,-74.007362,40.710587,1352,-73.98590899999999,40.719337,13:41:00
10106,2515,-73.961708,40.811268,2035,-73.973648,40.79715,09:40:00
10147,238,-74.00846899999999,40.720612,432,-74.00518000000001,40.729446,14:16:00
10226,997,-73.99290500000001,40.719891,343,-74.006752,40.713619,12:48:00
10245,1316,-73.986717,40.771626,1370,-73.985489,40.780998,11:13:00
10650,478,-74.004227,40.731128999999996,432,-74.00518000000001,40.729446,09:17:00
10791,3089,-73.948509,40.836365,3089,-73.948509,40.836365,11:08:00
10925,3663,-73.937637,40.812748,1511,-73.983002,40.721222,12:09:00
11199,1317,-73.986717,40.717781,370,-74.00631,40.714165,12:58:00
11473,1728,-73.979401,40.749557,2192,-73.970108,40.762238,14:22:00
12061,3470,-73.941025,40.792561,3059,-73.94916500000001,40.790943,13:06:00
12367,41,-74.014297,40.716991,511,-74.00353199999999,40.717449,13:09:00
12897,1873,-73.976517,40.754974,309,-74.007362,40.710587,12:48:00
12931,355,-74.0065,40.736958,78,-74.012283,40.720337,12:35:00
13229,82,-74.012054,40.720306,73,-74.012787,40.717129,12:42:00
13250,146,-74.010162,40.733146999999995,937,-73.994171,40.766506,12:54:00
13386,2076,-73.97285500000001,40.793385,2076,-73.97285500000001,40.793385,12:38:00
13440,214,-74.008881,40.704861,1003,-73.99282099999999,40.714375,09:10:00
13558,789,-73.99736,40.729942,1970,-73.974907,40.73703,13:23:00
13635,2305,-73.967674,40.751995,2882,-73.952988,40.791721,12:15:00
13757,12,-74.016762,40.709332,1996,-73.974503,40.732727000000004,09:52:00
13806,2200,-73.969902,40.749736999999996,3330,-73.943787,40.782856,10:10:00
13868,2974,-73.951111,40.794284999999995,3849,-73.933174,40.795033000000004,14:02:00
13971,170,-74.009811,40.737553000000005,154,-74.010025,40.725262,11:30:00
14155,183,-74.009499,40.706379,1254,-73.98781600000001,40.735291,13:54:00
14178,2337,-73.966904,40.752831,2117,-73.97189300000001,40.743507,11:38:00
14314,3033,-73.949692,40.796219,3849,-73.933174,40.795033000000004,13:00:00
14347,995,-73.99297299999999,40.713825,3628,-73.938286,40.85091,12:09:00
14469,239,-74.008438,40.734790999999994,339,-74.006805,40.719776,11:59:00
14605,393,-74.00589000000001,40.71468,513,-74.00350999999999,40.720558000000004,12:34:00
14652,2479,-73.96257,40.791634,2210,-73.969658,40.762859000000006,13:32:00
14697,265,-74.00811800000001,40.722626,322,-74.007088,40.728767,14:18:00
14739,2074,-73.972931,40.794253999999995,1608,-73.981636,40.767651,12:42:00
14753,1076,-73.991203,40.735878,2001,-73.974365,40.737411,12:37:00
14997,2841,-73.95395699999999,40.806354999999996,2634,-73.958839,40.815182,13:41:00
15060,2133,-73.971558,40.76025,1970,-73.974907,40.73703,14:17:00
15064,2954,-73.951599,40.79361,2712,-73.957169,40.785984,14:29:00
15244,2712,-73.957169,40.785984,2672,-73.958023,40.778805,14:50:00
15326,995,-73.99297299999999,40.713825,226,-74.008698,40.719296,13:46:00
15486,265,-74.00811800000001,40.722626,2731,-73.95671800000001,40.786602,13:52:00
15600,238,-74.00846899999999,40.720612,154,-74.010025,40.725262,13:50:00
15695,2144,-73.971245,40.747871,2093,-73.97245,40.769493,13:26:00
15713,248,-74.008347,40.721321,237,-74.008476,40.750324,10:08:00
15726,2295,-73.967865,40.802662,803,-73.99698599999999,40.716541,10:48:00
15859,370,-74.00631,40.714165,1916,-73.9757,40.716507,14:09:00
16061,516,-74.003403,40.714149,516,-74.003403,40.714149,13:54:00
16140,956,-73.99382800000001,40.718143,162,-74.009918,40.721462,12:59:00
16542,309,-74.007362,40.710587,362,-74.00643199999999,40.709557000000004,15:00:00
16743,926,-73.994392,40.758369,895,-73.994957,40.770016,11:14:00
16827,2974,-73.951111,40.794284999999995,2148,-73.97123,40.795291999999996,10:21:00
16872,2074,-73.972931,40.794253999999995,1235,-73.988281,40.778915000000005,11:06:00
16917,3661,-73.937675,40.823566,1151,-73.989861,40.720531,11:50:00
17001,451,-74.00482199999999,40.713474,664,-74.000275,40.717621,15:38:00
17440,383,-74.00604200000001,40.724403,293,-74.00766800000001,40.704285,13:40:00
17472,3230,-73.945511,40.801971,2898,-73.952744,40.789169,13:24:00
17586,16,-74.016441,40.716297,343,-74.006752,40.713619,15:19:00
17694,1316,-73.986717,40.771626,2148,-73.97123,40.795291999999996,14:26:00
17752,3082,-73.948608,40.789055,2564,-73.960526,40.797367,15:42:00
17762,1273,-73.987488,40.752159000000006,2868,-73.953209,40.788528,15:45:00
17978,736,-73.998512,40.764214,762,-73.99793199999999,40.718159,15:20:00
18034,1078,-73.991173,40.717341999999995,516,-74.003403,40.714149,13:54:00
18164,735,-73.99852800000001,40.719788,2829,-73.954285,40.783928,14:35:00
18188,127,-74.010559,40.713844,126,-74.010605,40.703709,14:20:00
18283,96,-74.011574,40.704018,343,-74.006752,40.713619,11:01:00
18408,1076,-73.991203,40.735878,286,-74.007805,40.731784999999995,14:21:00
18445,370,-74.00631,40.714165,78,-74.012283,40.720337,10:55:00
18605,594,-74.001717,40.709438,594,-74.001717,40.709438,14:32:00
18659,1271,-73.987526,40.741528,1766,-73.978638,40.767693,14:15:00
18677,325,-74.00705,40.718269,357,-74.006477,40.711231,14:30:00
18786,10,-74.016975,40.709038,1113,-73.990486,40.719303000000004,13:25:00
18891,198,-74.009117,40.716919,299,-74.007561,40.725842,15:40:00
18988,288,-74.00774399999999,40.71022,1786,-73.97823299999999,40.720673,12:30:00
19082,322,-74.007088,40.728767,351,-74.006592,40.718861,15:13:00
19083,1567,-73.98217,40.72097,4,-74.017578,40.706841,15:04:00
19199,288,-74.00774399999999,40.71022,325,-74.00705,40.718269,13:13:00
19482,947,-73.994064,40.729977000000005,172,-74.009773,40.722122,12:34:00
19804,662,-74.000351,40.762508000000004,2672,-73.958023,40.778805,15:33:00
20057,275,-74.00795699999999,40.717121,445,-74.004936,40.731544,12:44:00
20088,14,-74.016624,40.708134,90,-74.011711,40.723,10:41:00
20118,271,-74.008003,40.707977,679,-73.99984,40.719193,11:03:00
20193,236,-74.008492,40.734093,349,-74.006622,40.736431,13:20:00
20250,424,-74.005302,40.722198,236,-74.008492,40.734093,11:13:00
20501,200,-74.00907099999999,40.730434,4,-74.017578,40.706841,14:27:00
20528,10,-74.016975,40.709038,1085,-73.99101999999999,40.723656,13:32:00
20795,1567,-73.98217,40.72097,556,-74.002502,40.708847,10:10:00
20797,320,-74.007118,40.711712,2248,-73.968857,40.750095,10:02:00
20804,415,-74.005486,40.707386,700,-73.999321,40.715919,10:13:00
20962,123,-74.010696,40.717468,240,-74.008415,40.744759,13:12:00
21090,2265,-73.968475,40.796642,2954,-73.951599,40.79361,13:05:00
21173,1087,-73.990974,40.718348999999996,1151,-73.989861,40.720531,14:35:00
21378,62,-74.013191,40.704044,550,-74.002602,40.719902000000005,13:34:00
21469,2196,-73.97003199999999,40.797253000000005,2586,-73.960052,40.800583,13:23:00
21755,729,-73.998627,40.713448,418,-74.00541700000001,40.715237,14:23:00
21762,3487,-73.94064300000001,40.805737,2288,-73.967995,40.801384000000006,14:14:00
21823,995,-73.99297299999999,40.713825,1390,-73.985146,40.713596,14:30:00
22040,1666,-73.98069,40.785038,1585,-73.981995,40.77705,14:30:00
22069,257,-74.00823199999999,40.721965999999995,286,-74.007805,40.731784999999995,14:34:00
22438,189,-74.009354,40.728981,553,-74.00254100000001,40.718628,13:50:00
22526,291,-74.00769,40.712547,1843,-73.97715,40.738796,13:14:00
22528,2200,-73.969902,40.749736999999996,711,-73.99904599999999,40.708595,13:16:00
23022,127,-74.010559,40.713844,1103,-73.99071500000001,40.718269,13:08:00
23250,217,-74.00882,40.716015000000006,511,-74.00353199999999,40.717449,14:21:00
23305,234,-74.008553,40.733402000000005,237,-74.008476,40.750324,13:40:00
23316,634,-74.000908,40.752182,634,-74.000908,40.752182,13:45:00
23324,3470,-73.941025,40.792561,3720,-73.93630999999999,40.803024,14:28:00
23456,3470,-73.941025,40.792561,801,-73.997063,40.754585,13:05:00
23491,2634,-73.958839,40.815182,2515,-73.961708,40.811268,11:10:00
23534,2515,-73.961708,40.811268,2515,-73.961708,40.811268,12:46:00
24010,183,-74.009499,40.706379,105,-74.011292,40.71891,11:01:00
24144,513,-74.00350999999999,40.720558000000004,490,-74.003922,40.720039,15:44:00
24233,2288,-73.967995,40.801384000000006,3487,-73.94064300000001,40.805737,13:02:00
24343,2235,-73.969116,40.798508,2954,-73.951599,40.79361,13:45:00
24405,41,-74.014297,40.716991,573,-74.002136,40.737064000000004,15:29:00
24610,2140,-73.971313,40.792751,2235,-73.969116,40.798508,14:14:00
24666,2434,-73.963936,40.797131,1577,-73.982063,40.77544,14:22:00
24703,2308,-73.967575,40.797871,2882,-73.952988,40.791721,14:08:00
24714,1123,-73.990311,40.71909,320,-74.007118,40.711712,14:08:00
24832,1684,-73.980354,40.78994,1684,-73.980354,40.78994,13:12:00
24982,2515,-73.961708,40.811268,2862,-73.953362,40.785187,11:28:00
25096,2133,-73.971558,40.76025,27,-74.015221,40.716015000000006,14:59:00
25150,301,-74.00753,40.717667,301,-74.00753,40.717667,14:24:00
25159,2505,-73.961998,40.805510999999996,3849,-73.933174,40.795033000000004,14:39:00
25396,1906,-73.975891,40.788921,3913,-73.931046,40.85051,13:45:00
25444,2027,-73.973907,40.73782,3033,-73.949692,40.796219,12:27:00
25767,2299,-73.967789,40.801296,2090,-73.972527,40.799149,15:45:00
25786,947,-73.994064,40.729977000000005,1488,-73.983398,40.718571000000004,14:15:00
25916,3300,-73.944275,40.775608,2010,-73.974174,40.738197,14:48:00
26058,16,-74.016441,40.716297,1394,-73.985077,40.719082,10:08:00
26062,2236,-73.969093,40.800976,3547,-73.93968199999999,40.804443,14:27:00
26191,201,-74.009064,40.705544,190,-74.009331,40.718693,14:31:00
26468,101,-74.011505,40.702957,10,-74.016975,40.709038,13:46:00
26622,1313,-73.986755,40.719592999999996,1313,-73.986755,40.719592999999996,11:08:00
26781,322,-74.007088,40.728767,355,-74.0065,40.736958,15:37:00
26793,695,-73.99942,40.718681,956,-73.99382800000001,40.718143,14:01:00
26818,956,-73.99382800000001,40.718143,304,-74.007462,40.707218,14:05:00
26877,415,-74.005486,40.707386,664,-74.000275,40.717621,15:36:00
26923,1113,-73.990486,40.719303000000004,110,-74.011169,40.701782,14:01:00
27070,2533,-73.96125,40.811893,2662,-73.95826,40.810623,11:42:00
27140,3509,-73.94023100000001,40.851326,432,-74.00518000000001,40.729446,14:17:00
27219,2196,-73.97003199999999,40.797253000000005,2697,-73.957512,40.816994,14:35:00
27399,271,-74.008003,40.707977,626,-74.00110600000001,40.73344,15:34:00
27582,847,-73.99605600000001,40.720139,1313,-73.986755,40.719592999999996,15:46:00
28004,172,-74.009773,40.722122,301,-74.00753,40.717667,15:02:00
28015,386,-74.00601999999999,40.707905,798,-73.997108,40.717869,14:03:00
28135,3487,-73.94064300000001,40.805737,2479,-73.96257,40.791634,14:24:00
28144,3033,-73.949692,40.796219,2882,-73.952988,40.791721,14:35:00
28206,594,-74.001717,40.709438,402,-74.00569200000001,40.706375,13:22:00
28322,1087,-73.990974,40.718348999999996,73,-74.012787,40.717129,15:30:00
28473,299,-74.007561,40.725842,895,-73.994957,40.770016,15:12:00
28515,3074,-73.94884499999999,40.785858000000005,3358,-73.94326,40.793503,14:14:00
28549,3524,-73.940025,40.797939,3223,-73.94567099999999,40.781948,15:43:00
28603,350,-74.006599,40.749553999999996,889,-73.995064,40.728809000000005,16:13:00
28640,1254,-73.98781600000001,40.735291,113,-74.01104699999999,40.725163,13:36:00
28688,248,-74.008347,40.721321,135,-74.01042199999999,40.730540999999995,13:02:00
28833,82,-74.012054,40.720306,82,-74.012054,40.720306,14:06:00
29151,519,-74.003365,40.708138,358,-74.00647,40.73814,13:41:00
29201,248,-74.008347,40.721321,1620,-73.981445,40.780239,14:11:00
29472,1293,-73.987091,40.753609000000004,379,-74.006119,40.723746999999996,14:10:00
29690,185,-74.009476,40.710415000000005,736,-73.998512,40.764214,13:28:00
29792,913,-73.994652,40.765854,313,-74.007286,40.708698,16:01:00
30037,3231,-73.94548,40.807774,2673,-73.957977,40.816368,10:16:00
30080,355,-74.0065,40.736958,2210,-73.969658,40.762859000000006,15:03:00
30291,3231,-73.94548,40.807774,2502,-73.962021,40.810497,15:11:00
30322,1164,-73.989616,40.720463,3378,-73.942856,40.785793,14:33:00
30504,593,-74.001747,40.707718,1530,-73.98264300000001,40.78495,14:33:00
30584,727,-73.99868000000001,40.71188,1390,-73.985146,40.713596,14:57:00
30640,129,-74.010544,40.709152,222,-74.00874300000001,40.719028,11:04:00
30817,119,-74.010834,40.716927,14,-74.016624,40.708134,17:12:00
31127,1126,-73.99026500000001,40.714417,371,-74.00631,40.704223999999996,16:22:00
31194,296,-74.007637,40.708346999999996,613,-74.00140400000001,40.722557,12:48:00
31597,2155,-73.9711,40.760876,1186,-73.989159,40.716709,14:04:00
31639,1367,-73.985519,40.721985,462,-74.004623,40.731003,16:15:00
31797,46,-74.013962,40.707111,390,-74.005951,40.707207000000004,13:15:00
31998,1941,-73.975372,40.737232,846,-73.996063,40.730156,13:31:00
32138,2196,-73.97003199999999,40.797253000000005,2909,-73.95258299999999,40.808239,14:33:00
32296,121,-74.01080300000001,40.711018,1282,-73.987312,40.752891999999996,14:35:00
32485,2235,-73.969116,40.798508,2235,-73.969116,40.798508,13:36:00
32587,424,-74.005302,40.722198,2252,-73.968742,40.764103000000006,14:50:00
32601,405,-74.00565300000001,40.720058,291,-74.00769,40.712547,14:03:00
32642,301,-74.00753,40.717667,26,-74.015381,40.715828,13:58:00
32968,553,-74.00254100000001,40.718628,717,-73.998886,40.712601,15:00:00
32972,36,-74.014427,40.703152,182,-74.009537,40.723434000000005,14:47:00
32987,1309,-73.98683199999999,40.737942,2983,-73.95092,40.791676,15:10:00
33006,96,-74.011574,40.704018,718,-73.998863,40.714996,15:12:00
33151,3470,-73.941025,40.792561,3184,-73.946609,40.784908,15:11:00
33171,148,-74.010124,40.714382,238,-74.00846899999999,40.720612,15:51:00
33377,238,-74.00846899999999,40.720612,432,-74.00518000000001,40.729446,14:28:00
33510,265,-74.00811800000001,40.722626,265,-74.00811800000001,40.722626,14:06:00
33685,2076,-73.97285500000001,40.793385,3927,-73.930542,40.853683000000004,13:20:00
33759,2974,-73.951111,40.794284999999995,2671,-73.958099,40.784718,13:30:00
33836,378,-74.006134,40.719444,26,-74.015381,40.715828,15:54:00
34129,920,-73.994522,40.713696,2133,-73.971558,40.76025,16:00:00
34139,695,-73.99942,40.718681,799,-73.997101,40.714603000000004,14:16:00
34241,2571,-73.96032,40.803993,2709,-73.957268,40.806915000000004,13:08:00
34610,2223,-73.969406,40.795357,3487,-73.94064300000001,40.805737,16:06:00
34653,2626,-73.959129,40.801838000000004,2455,-73.963348,40.796089,15:58:00
34791,2473,-73.962784,40.781528,2479,-73.96257,40.791634,15:45:00
35116,77,-74.01232900000001,40.71394,62,-74.013191,40.704044,14:13:00
35186,248,-74.008347,40.721321,1033,-73.992203,40.719666,15:13:00
35246,310,-74.007347,40.733589,250,-74.008324,40.736187,14:22:00
35518,424,-74.005302,40.722198,424,-74.005302,40.722198,13:00:00
35541,2076,-73.97285500000001,40.793385,2090,-73.972527,40.799149,14:13:00
35626,405,-74.00565300000001,40.720058,436,-74.005127,40.709404,15:49:00
35805,2512,-73.961792,40.773635999999996,3787,-73.934898,40.811153000000004,14:05:00
35819,887,-73.995102,40.765232,889,-73.995064,40.728809000000005,13:53:00
35855,23,-74.015694,40.704842,550,-74.002602,40.719902000000005,16:27:00
36160,2231,-73.969208,40.763477,2671,-73.958099,40.784718,13:50:00
36172,97,-74.011566,40.70425,536,-74.003029,40.715590999999996,14:28:00
36255,1031,-73.99221800000001,40.717659000000005,1444,-73.984261,40.71521,14:36:00
36349,3448,-73.941475,40.851002,77,-74.01232900000001,40.71394,13:30:00
36439,1367,-73.985519,40.721985,1786,-73.97823299999999,40.720673,15:42:00
36601,3663,-73.937637,40.812748,1575,-73.982086,40.723881,13:48:00
36659,3300,-73.944275,40.775608,2208,-73.96981,40.748783,15:05:00
36718,322,-74.007088,40.728767,291,-74.00769,40.712547,14:55:00
36758,2512,-73.961792,40.773635999999996,2512,-73.961792,40.773635999999996,16:28:00
36946,1057,-73.991646,40.722401,940,-73.994148,40.714283,14:30:00
36985,3124,-73.94768499999999,40.790318,2265,-73.968475,40.796642,15:17:00
37058,2380,-73.96560699999999,40.774406,2246,-73.968903,40.769901000000004,13:59:00
37462,1601,-73.98174300000001,40.746390999999996,799,-73.997101,40.714603000000004,12:38:00
37536,129,-74.010544,40.709152,105,-74.011292,40.71891,13:53:00
37543,520,-74.003342,40.735538,223,-74.008728,40.743206,14:11:00
37557,556,-74.002502,40.708847,1733,-73.979286,40.71376,16:26:00
37599,144,-74.010201,40.70332,1511,-73.983002,40.721222,16:26:00
38104,2336,-73.96691899999999,40.766605,2898,-73.952744,40.789169,16:29:00
38239,538,-74.00296800000001,40.721996000000004,1293,-73.987091,40.753609000000004,15:40:00
38390,1993,-73.974518,40.749115,1282,-73.987312,40.752891999999996,15:14:00
38661,3849,-73.933174,40.795033000000004,3184,-73.946609,40.784908,14:06:00
38680,2515,-73.961708,40.811268,1660,-73.98085,40.789253,13:12:00
38997,431,-74.005188,40.719837,57,-74.013351,40.705025,17:41:00
39054,2479,-73.96257,40.791634,2479,-73.96257,40.791634,13:56:00
39509,214,-74.008881,40.704861,12,-74.016762,40.709332,13:55:00
39761,600,-74.00164000000001,40.761318,149,-74.01011700000001,40.738566999999996,12:42:00
40046,240,-74.008415,40.744759,1115,-73.99044,40.730953,13:53:00
40331,3556,-73.939522,40.847839,2034,-73.97374,40.794594000000004,13:52:00
40370,1113,-73.990486,40.719303000000004,14,-74.016624,40.708134,16:23:00
40383,14,-74.016624,40.708134,1254,-73.98781600000001,40.735291,15:34:00
40863,238,-74.00846899999999,40.720612,349,-74.006622,40.736431,15:56:00
40957,322,-74.007088,40.728767,925,-73.994423,40.716965,14:33:00
40977,226,-74.008698,40.719296,615,-74.001389,40.734482,16:15:00
41117,1996,-73.974503,40.732727000000004,1444,-73.984261,40.71521,14:02:00
41132,431,-74.005188,40.719837,431,-74.005188,40.719837,14:05:00
41155,36,-74.014427,40.703152,358,-74.00647,40.73814,13:44:00
41383,490,-74.003922,40.720039,3300,-73.944275,40.775608,16:27:00
41689,845,-73.996063,40.716248,845,-73.996063,40.716248,14:39:00
41742,143,-74.010201,40.707695,378,-74.006134,40.719444,14:19:00
41862,1822,-73.9776,40.738171,2460,-73.96315,40.754238,16:28:00
41990,3272,-73.944771,40.787440999999994,1876,-73.976479,40.723079999999996,16:22:00
42109,2868,-73.953209,40.788528,3536,-73.93985699999999,40.803699,15:24:00
42131,806,-73.996948,40.712070000000004,2029,-73.973801,40.738369,16:04:00
42195,2662,-73.95826,40.810623,2974,-73.951111,40.794284999999995,14:27:00
42301,44,-74.014053,40.70908,222,-74.00874300000001,40.719028,14:24:00
42606,695,-73.99942,40.718681,920,-73.994522,40.713696,15:20:00
42673,71,-74.01284,40.709709000000004,105,-74.011292,40.71891,14:21:00
42743,432,-74.00518000000001,40.729446,383,-74.00604200000001,40.724403,14:05:00
42803,695,-73.99942,40.718681,2352,-73.966537,40.753349,14:43:00
42912,3378,-73.942856,40.785793,3388,-73.942612,40.799927000000004,12:49:00
43064,681,-73.999702,40.711796,735,-73.99852800000001,40.719788,15:58:00
43260,320,-74.007118,40.711712,845,-73.996063,40.716248,14:29:00
43261,575,-74.002113,40.715164,1843,-73.97715,40.738796,14:32:00
43371,236,-74.008492,40.734093,889,-73.995064,40.728809000000005,15:57:00
43653,2133,-73.971558,40.76025,1728,-73.979401,40.749557,15:56:00
43872,14,-74.016624,40.708134,124,-74.010681,40.721523,15:22:00
43973,322,-74.007088,40.728767,170,-74.009811,40.737553000000005,14:50:00
44407,729,-73.998627,40.713448,453,-74.004776,40.708408,15:36:00
44531,95,-74.011581,40.703518,95,-74.011581,40.703518,14:03:00
44566,993,-73.993042,40.725452000000004,2337,-73.966904,40.752831,17:09:00
44606,729,-73.998627,40.713448,556,-74.002502,40.708847,15:56:00
45023,166,-74.009865,40.705795,1123,-73.990311,40.71909,13:57:00
45147,1649,-73.98098,40.781719,291,-74.00769,40.712547,16:59:00
45260,1000,-73.992836,40.720028000000006,494,-74.00386800000001,40.739418,14:44:00
45342,257,-74.00823199999999,40.721965999999995,73,-74.012787,40.717129,16:39:00
45876,736,-73.998512,40.764214,383,-74.00604200000001,40.724403,16:27:00
46156,803,-73.99698599999999,40.716541,23,-74.015694,40.704842,18:32:00
46375,1846,-73.977005,40.787621,2095,-73.972397,40.79401,17:55:00
46411,975,-73.993401,40.715354999999995,57,-74.013351,40.705025,18:37:00
46623,2914,-73.952522,40.792347,2210,-73.969658,40.762859000000006,14:57:00
46639,353,-74.00653100000001,40.708225,550,-74.002602,40.719902000000005,15:28:00
46855,1997,-73.97449499999999,40.790805999999996,4039,-73.918839,40.873222,16:28:00
46941,3184,-73.946609,40.784908,2473,-73.962784,40.781528,18:19:00
46961,534,-74.00304399999999,40.718025,330,-74.006973,40.729496000000005,18:20:00
47119,1377,-73.985359,40.773491,2093,-73.97245,40.769493,18:31:00
47180,664,-74.000275,40.717621,666,-74.000137,40.716202,17:13:00
47334,320,-74.007118,40.711712,36,-74.014427,40.703152,16:38:00
47634,913,-73.994652,40.765854,2076,-73.97285500000001,40.793385,18:18:00
47670,105,-74.011292,40.71891,115,-74.011002,40.713328999999995,15:59:00
47810,1186,-73.989159,40.716709,427,-74.00527199999999,40.728851,17:06:00
47854,166,-74.009865,40.705795,1151,-73.989861,40.720531,14:50:00
47871,82,-74.012054,40.720306,82,-74.012054,40.720306,13:57:00
47965,27,-74.015221,40.716015000000006,95,-74.011581,40.703518,18:19:00
48178,418,-74.00541700000001,40.715237,237,-74.008476,40.750324,17:04:00
48250,3223,-73.94567099999999,40.781948,2148,-73.97123,40.795291999999996,16:06:00
48305,3473,-73.94097099999999,40.824131,3849,-73.933174,40.795033000000004,17:03:00
48622,125,-74.010666,40.729839,155,-74.010025,40.739323,18:33:00
48772,1123,-73.990311,40.71909,822,-73.996574,40.721171999999996,16:25:00
49031,995,-73.99297299999999,40.713825,718,-73.998863,40.714996,17:45:00
49037,2712,-73.957169,40.785984,2492,-73.962257,40.772999,17:50:00
49080,1394,-73.985077,40.719082,1394,-73.985077,40.719082,18:30:00
49189,513,-74.00350999999999,40.720558000000004,465,-74.00455500000001,40.706406,13:54:00
49265,431,-74.005188,40.719837,1702,-73.979965,40.713974,15:24:00
49267,2662,-73.95826,40.810623,2829,-73.954285,40.783928,15:28:00
49356,679,-73.99984,40.719193,1078,-73.991173,40.717341999999995,17:46:00
49606,1891,-73.97625,40.740025,3358,-73.94326,40.793503,16:18:00
49630,556,-74.002502,40.708847,556,-74.002502,40.708847,18:34:00
50052,238,-74.00846899999999,40.720612,89,-74.01178,40.72163,11:48:00
50057,2909,-73.95258299999999,40.808239,2526,-73.961464,40.801173999999996,16:31:00
50156,1970,-73.974907,40.73703,1352,-73.98590899999999,40.719337,17:05:00
50342,129,-74.010544,40.709152,1996,-73.974503,40.732727000000004,17:50:00
50348,144,-74.010201,40.70332,142,-74.010223,40.724171000000005,18:25:00
50376,291,-74.00769,40.712547,453,-74.004776,40.708408,14:55:00
50653,736,-73.998512,40.764214,1861,-73.976784,40.754269,16:50:00
50736,1953,-73.975105,40.718765000000005,1585,-73.981995,40.77705,16:04:00
51174,3231,-73.94548,40.807774,3547,-73.93968199999999,40.804443,18:29:00
51268,1822,-73.9776,40.738171,2181,-73.970421,40.749046,17:56:00
51396,3033,-73.949692,40.796219,3762,-73.935425,40.795986,14:44:00
51546,2181,-73.970421,40.749046,2181,-73.970421,40.749046,17:16:00
51679,210,-74.008942,40.717926,1876,-73.976479,40.723079999999996,16:35:00
51859,2117,-73.97189300000001,40.743507,214,-74.008881,40.704861,15:24:00
52165,845,-73.996063,40.716248,13,-74.016754,40.706542999999996,14:34:00
52297,123,-74.010696,40.717468,237,-74.008476,40.750324,14:29:00
52372,508,-74.003632,40.723682000000004,10,-74.016975,40.709038,14:32:00
52500,18,-74.016335,40.70649,592,-74.00177,40.737675,16:54:00
52507,432,-74.00518000000001,40.729446,432,-74.00518000000001,40.729446,16:10:00
52535,631,-74.000984,40.717934,1087,-73.990974,40.718348999999996,13:32:00
52997,1316,-73.986717,40.771626,2672,-73.958023,40.778805,18:13:00
53113,190,-74.009331,40.718693,1057,-73.991646,40.722401,18:16:00
53153,1567,-73.98217,40.72097,807,-73.99691,40.766791999999995,16:57:00
53219,997,-73.99290500000001,40.719891,1733,-73.979286,40.71376,16:44:00
53331,2076,-73.97285500000001,40.793385,1649,-73.98098,40.781719,15:48:00
53406,2248,-73.968857,40.750095,3043,-73.94950899999999,40.768467,14:47:00
54103,1632,-73.981308,40.720711,930,-73.99427800000001,40.715621999999996,16:13:00
54164,28,-74.015182,40.708523,240,-74.008415,40.744759,15:48:00
54219,183,-74.009499,40.706379,357,-74.006477,40.711231,17:23:00
54386,1522,-73.98275,40.733925,12,-74.016762,40.709332,15:21:00
54423,1342,-73.986198,40.7169,3720,-73.93630999999999,40.803024,15:59:00
54425,355,-74.0065,40.736958,2512,-73.961792,40.773635999999996,16:01:00
54879,810,-73.996864,40.757713,1846,-73.977005,40.787621,16:03:00
55143,23,-74.015694,40.704842,1408,-73.984833,40.71767,14:56:00
55242,3762,-73.935425,40.795986,2709,-73.957268,40.806915000000004,16:44:00
55328,1367,-73.985519,40.721985,2492,-73.962257,40.772999,17:17:00
55333,2954,-73.951599,40.79361,2954,-73.951599,40.79361,13:22:00
55373,2059,-73.973152,40.798576000000004,1412,-73.984779,40.782482,15:55:00
55804,101,-74.011505,40.702957,640,-74.000786,40.71529,15:45:00
56376,248,-74.008347,40.721321,573,-74.002136,40.737064000000004,18:18:00
56426,304,-74.007462,40.707218,357,-74.006477,40.711231,17:22:00
56454,2505,-73.961998,40.805510999999996,3849,-73.933174,40.795033000000004,17:19:00
56730,490,-74.003922,40.720039,490,-74.003922,40.720039,16:35:00
56794,1153,-73.989807,40.728695,1444,-73.984261,40.71521,15:25:00
56946,240,-74.008415,40.744759,125,-74.010666,40.729839,17:19:00
57385,1996,-73.974503,40.732727000000004,861,-73.99575,40.720894,18:05:00
57607,1113,-73.990486,40.719303000000004,1522,-73.98275,40.733925,16:50:00
57621,2034,-73.97374,40.794594000000004,2236,-73.969093,40.800976,16:51:00
57692,1577,-73.982063,40.77544,2288,-73.967995,40.801384000000006,17:54:00
57786,2223,-73.969406,40.795357,2493,-73.96225,40.813713,17:23:00
57888,1394,-73.985077,40.719082,1015,-73.99256899999999,40.712452,11:42:00
57926,234,-74.008553,40.733402000000005,234,-74.008553,40.733402000000005,16:40:00
58028,1632,-73.981308,40.720711,1254,-73.98781600000001,40.735291,19:36:00
58038,950,-73.994034,40.731285,950,-73.994034,40.731285,18:21:00
58153,813,-73.996796,40.715034,2181,-73.970421,40.749046,17:49:00
58249,556,-74.002502,40.708847,613,-74.00140400000001,40.722557,15:28:00
58438,299,-74.007561,40.725842,889,-73.995064,40.728809000000005,17:11:00
58539,2898,-73.952744,40.789169,3487,-73.94064300000001,40.805737,19:34:00
58606,16,-74.016441,40.716297,1352,-73.98590899999999,40.719337,17:46:00
58807,1313,-73.986755,40.719592999999996,189,-74.009354,40.728981,18:35:00
58811,2634,-73.958839,40.815182,124,-74.010681,40.721523,18:18:00
58837,370,-74.00631,40.714165,6,-74.017395,40.708458,15:32:00
58981,1511,-73.983002,40.721222,3311,-73.94405400000001,40.782967,14:52:00
59118,26,-74.015381,40.715828,1567,-73.98217,40.72097,16:43:00
59811,496,-74.00386,40.738754,496,-74.00386,40.738754,16:41:00
59825,597,-74.00168599999999,40.715744,536,-74.003029,40.715590999999996,16:47:00
59862,1866,-73.976685,40.727108,613,-74.00140400000001,40.722557,15:24:00
60046,2133,-73.971558,40.76025,2231,-73.969208,40.763477,18:27:00
60107,3074,-73.94884499999999,40.785858000000005,3461,-73.941139,40.844048,16:44:00
60111,2508,-73.961922,40.800545,3507,-73.94027700000001,40.830212,19:28:00
60210,2589,-73.959877,40.77626,1683,-73.98039200000001,40.783119,17:33:00
60378,2942,-73.951881,40.784565,2942,-73.951881,40.784565,19:13:00
60382,1574,-73.982086,40.772202,1660,-73.98085,40.789253,19:05:00
60405,198,-74.009117,40.716919,446,-74.004929,40.735306,20:23:00
60428,1087,-73.990974,40.718348999999996,358,-74.00647,40.73814,17:48:00
60467,786,-73.997398,40.721451,14,-74.016624,40.708134,18:06:00
60522,432,-74.00518000000001,40.729446,432,-74.00518000000001,40.729446,16:16:00
60605,129,-74.010544,40.709152,1087,-73.990974,40.718348999999996,18:51:00
60630,519,-74.003365,40.708138,305,-74.00745400000001,40.706051,16:55:00
60910,1891,-73.97625,40.740025,1891,-73.97625,40.740025,18:43:00
60981,1444,-73.984261,40.71521,1876,-73.976479,40.723079999999996,18:15:00
60991,96,-74.011574,40.704018,124,-74.010681,40.721523,18:12:00
61029,3184,-73.946609,40.784908,3184,-73.946609,40.784908,18:14:00
61125,105,-74.011292,40.71891,291,-74.00769,40.712547,16:52:00
61228,2246,-73.968903,40.769901000000004,254,-74.00827,40.707722,17:20:00
61248,3033,-73.949692,40.796219,3184,-73.946609,40.784908,19:08:00
61530,2295,-73.967865,40.802662,3487,-73.94064300000001,40.805737,17:54:00
61546,214,-74.008881,40.704861,162,-74.009918,40.721462,19:39:00
61582,431,-74.005188,40.719837,798,-73.997108,40.717869,17:55:00
61789,3074,-73.94884499999999,40.785858000000005,3074,-73.94884499999999,40.785858000000005,18:19:00
61846,538,-74.00296800000001,40.721996000000004,13,-74.016754,40.706542999999996,15:36:00
61877,575,-74.002113,40.715164,10,-74.016975,40.709038,18:44:00
61927,2634,-73.958839,40.815182,2424,-73.964287,40.802368,18:49:00
62126,50,-74.01377099999999,40.701240999999996,2235,-73.969116,40.798508,14:25:00
62407,2434,-73.963936,40.797131,3473,-73.94097099999999,40.824131,17:30:00
62439,3183,-73.946617,40.794918,110,-74.011169,40.701782,18:43:00
62441,3231,-73.94548,40.807774,2299,-73.967789,40.801296,19:05:00
62510,2954,-73.951599,40.79361,812,-73.99681899999999,40.720486,19:12:00
62538,2453,-73.963371,40.803622999999995,3470,-73.941025,40.792561,18:10:00
62567,370,-74.00631,40.714165,680,-73.999832,40.763126,16:24:00
62818,353,-74.00653100000001,40.708225,1496,-73.983253,40.710815000000004,16:46:00
62880,2192,-73.970108,40.762238,2095,-73.972397,40.79401,17:53:00
62922,451,-74.00482199999999,40.713474,95,-74.011581,40.703518,15:24:00
63021,914,-73.994652,40.725929,1666,-73.98069,40.785038,17:22:00
63083,1123,-73.990311,40.71909,222,-74.00874300000001,40.719028,16:05:00
63284,2634,-73.958839,40.815182,3223,-73.94567099999999,40.781948,19:08:00
63418,248,-74.008347,40.721321,127,-74.010559,40.713844,17:38:00
63544,6,-74.017395,40.708458,240,-74.008415,40.744759,18:21:00
63630,2034,-73.97374,40.794594000000004,368,-74.006355,40.722588,19:21:00
63652,1367,-73.985519,40.721985,1367,-73.985519,40.721985,18:51:00
63722,822,-73.996574,40.721171999999996,1684,-73.980354,40.78994,17:46:00
63908,3882,-73.931839,40.846798,1970,-73.974907,40.73703,17:48:00
63942,169,-74.009827,40.708118,602,-74.001572,40.735126,17:32:00
64194,2508,-73.961922,40.800545,3272,-73.944771,40.787440999999994,18:20:00
64338,1908,-73.975876,40.754704,393,-74.00589000000001,40.71468,17:03:00
64360,1151,-73.989861,40.720531,1660,-73.98085,40.789253,17:35:00
64385,12,-74.016762,40.709332,914,-73.994652,40.725929,19:31:00
64603,1906,-73.975891,40.788921,119,-74.010834,40.716927,18:29:00
64665,299,-74.007561,40.725842,57,-74.013351,40.705025,18:53:00
64734,2589,-73.959877,40.77626,2942,-73.951881,40.784565,19:12:00
64823,813,-73.996796,40.715034,813,-73.996796,40.715034,19:02:00
64996,1766,-73.978638,40.767693,234,-74.008553,40.733402000000005,15:32:00
65093,1151,-73.989861,40.720531,1418,-73.984703,40.714512,15:37:00
65545,240,-74.008415,40.744759,1738,-73.979225,40.715405,18:39:00
65645,664,-74.000275,40.717621,1347,-73.986122,40.73764,20:15:00
65776,3524,-73.940025,40.797939,1461,-73.983879,40.7132,19:38:00
65960,993,-73.993042,40.725452000000004,993,-73.993042,40.725452000000004,16:53:00
66082,3524,-73.940025,40.797939,1937,-73.975403,40.717594,18:06:00
66172,144,-74.010201,40.70332,1537,-73.982475,40.718288,17:11:00
66240,37,-74.01438900000001,40.703598,1151,-73.989861,40.720531,17:50:00
66444,329,-74.00698100000001,40.735001000000004,508,-74.003632,40.723682000000004,17:12:00
66849,508,-74.003632,40.723682000000004,343,-74.006752,40.713619,18:23:00
66946,575,-74.002113,40.715164,735,-73.99852800000001,40.719788,17:31:00
67013,553,-74.00254100000001,40.718628,418,-74.00541700000001,40.715237,17:39:00
67223,57,-74.013351,40.705025,121,-74.01080300000001,40.711018,17:53:00
67452,538,-74.00296800000001,40.721996000000004,1209,-73.988701,40.714184,19:07:00
67595,695,-73.99942,40.718681,2248,-73.968857,40.750095,16:47:00
67598,812,-73.99681899999999,40.720486,371,-74.00631,40.704223999999996,16:59:00
67629,920,-73.994522,40.713696,453,-74.004776,40.708408,16:16:00
67867,1186,-73.989159,40.716709,368,-74.006355,40.722588,19:11:00
68049,114,-74.011009,40.708595,1300,-73.98696899999999,40.717857,18:35:00
68128,265,-74.00811800000001,40.722626,119,-74.010834,40.716927,17:41:00
68308,786,-73.997398,40.721451,505,-74.003654,40.729343,19:13:00
68344,62,-74.013191,40.704044,12,-74.016762,40.709332,16:32:00
68400,6,-74.017395,40.708458,570,-74.002174,40.722931,17:27:00
68538,25,-74.015518,40.707676,443,-74.004974,40.715759000000006,17:30:00
68548,1683,-73.98039200000001,40.783119,1022,-73.992378,40.715046,18:16:00
68918,405,-74.00565300000001,40.720058,1057,-73.991646,40.722401,19:02:00
69020,1705,-73.979919,40.783798,2455,-73.963348,40.796089,18:19:00
69032,2288,-73.967995,40.801384000000006,1684,-73.980354,40.78994,16:52:00
69099,200,-74.00907099999999,40.730434,214,-74.008881,40.704861,18:37:00
69143,550,-74.002602,40.719902000000005,721,-73.998795,40.7145,18:34:00
69148,1823,-73.97758499999999,40.713249,519,-74.003365,40.708138,18:24:00
69181,2308,-73.967575,40.797871,2912,-73.95253000000001,40.826423999999996,17:32:00
69391,556,-74.002502,40.708847,794,-73.997299,40.713467,18:36:00
69689,494,-74.00386800000001,40.739418,494,-74.00386800000001,40.739418,17:30:00
69722,1151,-73.989861,40.720531,1575,-73.982086,40.723881,17:04:00
69913,27,-74.015221,40.716015000000006,330,-74.006973,40.729496000000005,19:38:00
69944,1575,-73.982086,40.723881,1575,-73.982086,40.723881,19:11:00
70201,199,-74.00909399999999,40.72599,851,-73.995956,40.768044,17:31:00
70382,1201,-73.98891400000001,40.729904,1085,-73.99101999999999,40.723656,18:54:00
70805,325,-74.00705,40.718269,62,-74.013191,40.704044,16:51:00
70844,2074,-73.972931,40.794253999999995,2641,-73.95867199999999,40.802464,18:06:00
71017,320,-74.007118,40.711712,217,-74.00882,40.716015000000006,19:53:00
71198,2515,-73.961708,40.811268,4014,-73.921883,40.865101,19:03:00
71229,353,-74.00653100000001,40.708225,427,-74.00527199999999,40.728851,16:21:00
71304,1151,-73.989861,40.720531,626,-74.00110600000001,40.73344,18:02:00
71308,2352,-73.966537,40.753349,491,-74.003876,40.73814,17:58:00
71353,1186,-73.989159,40.716709,822,-73.996574,40.721171999999996,18:35:00
71420,1996,-73.974503,40.732727000000004,1352,-73.98590899999999,40.719337,18:39:00
71564,787,-73.99736800000001,40.762085,1078,-73.991173,40.717341999999995,17:07:00
71663,27,-74.015221,40.716015000000006,248,-74.008347,40.721321,18:49:00
71687,431,-74.005188,40.719837,27,-74.015221,40.716015000000006,16:59:00
71881,822,-73.996574,40.721171999999996,140,-74.010269,40.732006,18:58:00
72414,26,-74.015381,40.715828,345,-74.006691,40.720436,17:48:00
72619,3082,-73.948608,40.789055,1879,-73.976433,40.719051,20:17:00
72657,286,-74.007805,40.731784999999995,1271,-73.987526,40.741528,18:23:00
72943,478,-74.004227,40.731128999999996,351,-74.006592,40.718861,17:59:00
72995,201,-74.009064,40.705544,652,-74.00052600000001,40.752689000000004,18:34:00
73066,847,-73.99605600000001,40.720139,847,-73.99605600000001,40.720139,19:13:00
73089,2299,-73.967789,40.801296,2763,-73.955833,40.799213,20:21:00
73169,2295,-73.967865,40.802662,789,-73.99736,40.729942,18:13:00
73221,288,-74.00774399999999,40.71022,198,-74.009117,40.716919,17:46:00
73393,183,-74.009499,40.706379,18,-74.016335,40.70649,20:06:00
73503,1937,-73.975403,40.717594,1937,-73.975403,40.717594,19:13:00
73720,1078,-73.991173,40.717341999999995,602,-74.001572,40.735126,17:37:00
73858,183,-74.009499,40.706379,2954,-73.951599,40.79361,16:46:00
73879,219,-74.008812,40.706013,105,-74.011292,40.71891,19:16:00
73904,101,-74.011505,40.702957,1078,-73.991173,40.717341999999995,18:38:00
74051,1906,-73.975891,40.788921,1316,-73.986717,40.771626,19:56:00
74054,432,-74.00518000000001,40.729446,27,-74.015221,40.716015000000006,18:20:00
74327,851,-73.995956,40.768044,1211,-73.98865500000001,40.779305,20:03:00
74621,1577,-73.982063,40.77544,2565,-73.96051,40.799953,20:00:00
74774,250,-74.008324,40.736187,1115,-73.99044,40.730953,19:20:00
74936,96,-74.011574,40.704018,357,-74.006477,40.711231,19:24:00
75324,701,-73.999313,40.717548,144,-74.010201,40.70332,19:11:00
75695,2914,-73.952522,40.792347,2942,-73.951881,40.784565,18:09:00
75701,2122,-73.97177099999999,40.792126,3231,-73.94548,40.807774,18:04:00
75732,3231,-73.94548,40.807774,3443,-73.941536,40.82682,16:54:00
75819,2485,-73.962456,40.804885999999996,3296,-73.944328,40.788059000000004,17:40:00
75831,1123,-73.990311,40.71909,513,-74.00350999999999,40.720558000000004,19:50:00
75968,956,-73.99382800000001,40.718143,1945,-73.975235,40.735935,19:35:00
76316,3509,-73.94023100000001,40.851326,2868,-73.953209,40.788528,17:17:00
76317,2140,-73.971313,40.792751,3314,-73.944016,40.837788,17:34:00
76319,325,-74.00705,40.718269,275,-74.00795699999999,40.717121,17:40:00
76369,27,-74.015221,40.716015000000006,226,-74.008698,40.719296,19:49:00
76432,536,-74.003029,40.715590999999996,115,-74.011002,40.713328999999995,19:19:00
76461,36,-74.014427,40.703152,494,-74.00386800000001,40.739418,19:18:00
76581,238,-74.00846899999999,40.720612,520,-74.003342,40.735538,17:36:00
76645,418,-74.00541700000001,40.715237,44,-74.014053,40.70908,18:11:00
76671,465,-74.00455500000001,40.706406,798,-73.997108,40.717869,19:15:00
76681,452,-74.004784,40.723625,356,-74.006485,40.737549,19:20:00
76742,2288,-73.967995,40.801384000000006,861,-73.99575,40.720894,20:51:00
76832,2508,-73.961922,40.800545,2196,-73.97003199999999,40.797253000000005,17:04:00
76837,573,-74.002136,40.737064000000004,123,-74.010696,40.717468,19:44:00
77254,370,-74.00631,40.714165,701,-73.999313,40.717548,17:29:00
77271,129,-74.010544,40.709152,129,-74.010544,40.709152,18:02:00
77309,92,-74.011673,40.709686,2265,-73.968475,40.796642,19:05:00
77415,2505,-73.961998,40.805510999999996,2336,-73.96691899999999,40.766605,17:31:00
77465,27,-74.015221,40.716015000000006,184,-74.009491,40.717995,21:08:00
77521,600,-74.00164000000001,40.761318,597,-74.00168599999999,40.715744,18:38:00
77655,226,-74.008698,40.719296,846,-73.996063,40.730156,19:14:00
77684,2074,-73.972931,40.794253999999995,4015,-73.921677,40.868427000000004,19:07:00
77947,1970,-73.974907,40.73703,1993,-73.974518,40.749115,19:56:00
77966,217,-74.00882,40.716015000000006,816,-73.99678,40.757832,20:36:00
78275,490,-74.003922,40.720039,16,-74.016441,40.716297,17:08:00
78289,803,-73.99698599999999,40.716541,57,-74.013351,40.705025,18:01:00
78570,2334,-73.967003,40.752311999999996,2133,-73.971558,40.76025,17:04:00
78572,2533,-73.96125,40.811893,2095,-73.972397,40.79401,21:05:00
78573,2533,-73.96125,40.811893,1209,-73.988701,40.714184,20:37:00
78631,3424,-73.94194,40.822807,1970,-73.974907,40.73703,19:33:00
78750,2568,-73.96038100000001,40.775566,3220,-73.94569399999999,40.796181,19:39:00
78782,813,-73.996796,40.715034,813,-73.996796,40.715034,18:53:00
78907,1186,-73.989159,40.716709,1702,-73.979965,40.713974,21:18:00
78917,997,-73.99290500000001,40.719891,997,-73.99290500000001,40.719891,21:00:00
78926,46,-74.013962,40.707111,1972,-73.974876,40.734203,17:39:00
79034,1273,-73.987488,40.752159000000006,184,-74.009491,40.717995,16:54:00
79129,695,-73.99942,40.718681,554,-74.00251800000001,40.760086,20:16:00
79188,3487,-73.94064300000001,40.805737,3949,-73.92939,40.867241,18:44:00
79327,729,-73.998627,40.713448,1664,-73.980713,40.712208000000004,16:53:00
79652,2252,-73.968742,40.764103000000006,2252,-73.968742,40.764103000000006,21:06:00
79723,735,-73.99852800000001,40.719788,1031,-73.99221800000001,40.717659000000005,19:41:00
80248,2196,-73.97003199999999,40.797253000000005,1633,-73.98123199999999,40.786919,19:06:00
80333,1224,-73.988487,40.712769,1367,-73.985519,40.721985,19:28:00
80421,2235,-73.969116,40.798508,2295,-73.967865,40.802662,19:07:00
80647,1585,-73.981995,40.77705,2210,-73.969658,40.762859000000006,18:51:00
80704,2095,-73.972397,40.79401,2235,-73.969116,40.798508,18:58:00
80777,1313,-73.986755,40.719592999999996,357,-74.006477,40.711231,19:19:00
80805,1861,-73.976784,40.754269,412,-74.005524,40.705791,18:47:00
81010,2148,-73.97123,40.795291999999996,1076,-73.991203,40.735878,19:43:00
81011,1113,-73.990486,40.719303000000004,519,-74.003365,40.708138,19:53:00
81144,1772,-73.978539,40.728745,1033,-73.992203,40.719666,18:52:00
81393,2568,-73.96038100000001,40.775566,1866,-73.976685,40.727108,17:34:00
81453,3074,-73.94884499999999,40.785858000000005,3849,-73.933174,40.795033000000004,17:38:00
81464,42,-74.014282,40.704609000000005,656,-74.00045,40.714371,20:05:00
81505,26,-74.015381,40.715828,286,-74.007805,40.731784999999995,20:49:00
81507,2235,-73.969116,40.798508,3296,-73.944328,40.788059000000004,20:37:00
81744,257,-74.00823199999999,40.721965999999995,368,-74.006355,40.722588,18:12:00
81751,121,-74.01080300000001,40.711018,550,-74.002602,40.719902000000005,17:47:00
81932,1086,-73.991013,40.728065,275,-74.00795699999999,40.717121,19:56:00
81974,496,-74.00386,40.738754,357,-74.006477,40.711231,19:45:00
82167,579,-74.00202900000001,40.738129,97,-74.011566,40.70425,18:45:00
82235,26,-74.015381,40.715828,351,-74.006592,40.718861,18:50:00
82283,1945,-73.975235,40.735935,1996,-73.974503,40.732727000000004,20:31:00
82296,353,-74.00653100000001,40.708225,353,-74.00653100000001,40.708225,20:36:00
82340,320,-74.007118,40.711712,144,-74.010201,40.70332,19:42:00
82589,28,-74.015182,40.708523,138,-74.010338,40.731285,21:04:00
82710,368,-74.006355,40.722588,368,-74.006355,40.722588,18:00:00
82721,2295,-73.967865,40.802662,2829,-73.954285,40.783928,18:04:00
83081,1906,-73.975891,40.788921,887,-73.995102,40.765232,18:52:00
83104,2107,-73.97221400000001,40.793949,2288,-73.967995,40.801384000000006,18:59:00
83105,1869,-73.976608,40.772774,626,-74.00110600000001,40.73344,18:49:00
83139,225,-74.008713,40.741474,633,-74.00095400000001,40.731705,17:30:00
83322,803,-73.99698599999999,40.716541,803,-73.99698599999999,40.716541,18:11:00
83334,2662,-73.95826,40.810623,2288,-73.967995,40.801384000000006,17:41:00
83410,119,-74.010834,40.716927,1858,-73.976883,40.714626,18:49:00
83422,1822,-73.9776,40.738171,1822,-73.9776,40.738171,20:12:00
83544,2200,-73.969902,40.749736999999996,2200,-73.969902,40.749736999999996,21:46:00
83607,478,-74.004227,40.731128999999996,345,-74.006691,40.720436,19:22:00
83699,148,-74.010124,40.714382,637,-74.000862,40.70879,19:03:00
83717,362,-74.00643199999999,40.709557000000004,753,-73.998077,40.719582,19:55:00
83737,1728,-73.979401,40.749557,1123,-73.990311,40.71909,18:01:00
83741,58,-74.013329,40.705902,1505,-73.983101,40.717182,18:07:00
83912,1412,-73.984779,40.782482,2299,-73.967789,40.801296,18:47:00
84055,1879,-73.976433,40.719051,2258,-73.96862,40.748234000000004,18:59:00
84123,58,-74.013329,40.705902,3916,-73.931,40.853062,21:29:00
84241,3595,-73.938858,40.844681,225,-74.008713,40.741474,19:48:00
84297,511,-74.00353199999999,40.717449,96,-74.011574,40.704018,18:55:00
84353,453,-74.004776,40.708408,170,-74.009811,40.737553000000005,19:13:00
84386,937,-73.994171,40.766506,125,-74.010666,40.729839,18:39:00
84514,2334,-73.967003,40.752311999999996,1389,-73.985176,40.781818,19:59:00
84717,2954,-73.951599,40.79361,2766,-73.955696,40.81414,18:15:00
84750,789,-73.99736,40.729942,393,-74.00589000000001,40.71468,19:51:00
84801,579,-74.00202900000001,40.738129,339,-74.006805,40.719776,19:38:00
84869,1930,-73.975471,40.718895,757,-73.998039,40.714825,18:36:00
85199,822,-73.996574,40.721171999999996,3470,-73.941025,40.792561,16:41:00
85213,1273,-73.987488,40.752159000000006,345,-74.006691,40.720436,18:02:00
85298,463,-74.00457800000001,40.724174,1300,-73.98696899999999,40.717857,20:56:00
85303,446,-74.004929,40.735306,1078,-73.991173,40.717341999999995,20:50:00
85481,1575,-73.982086,40.723881,1972,-73.974876,40.734203,18:27:00
85505,729,-73.998627,40.713448,291,-74.00769,40.712547,20:20:00
85546,2196,-73.97003199999999,40.797253000000005,2898,-73.952744,40.789169,18:07:00
85654,861,-73.99575,40.720894,127,-74.010559,40.713844,18:49:00
85655,1294,-73.987076,40.780037,183,-74.009499,40.706379,19:02:00
85684,3272,-73.944771,40.787440999999994,1488,-73.983398,40.718571000000004,19:42:00
85883,2196,-73.97003199999999,40.797253000000005,1705,-73.979919,40.783798,18:26:00
86026,250,-74.008324,40.736187,114,-74.011009,40.708595,17:37:00
86034,1015,-73.99256899999999,40.712452,339,-74.006805,40.719776,22:26:00
86069,1087,-73.990974,40.718348999999996,362,-74.00643199999999,40.709557000000004,19:00:00
86139,1316,-73.986717,40.771626,693,-73.999527,40.751808000000004,20:42:00
86202,46,-74.013962,40.707111,494,-74.00386800000001,40.739418,18:24:00
86254,1313,-73.986755,40.719592999999996,16,-74.016441,40.716297,21:08:00
86356,452,-74.004784,40.723625,851,-73.995956,40.768044,20:29:00
86621,784,-73.997505,40.71405,115,-74.011002,40.713328999999995,20:46:00
86872,727,-73.99868000000001,40.71188,1164,-73.989616,40.720463,20:34:00
87007,519,-74.003365,40.708138,101,-74.011505,40.702957,20:24:00
87089,351,-74.006592,40.718861,505,-74.003654,40.729343,17:47:00
87100,222,-74.00874300000001,40.719028,1656,-73.98088100000001,40.715927,19:02:00
87369,127,-74.010559,40.713844,127,-74.010559,40.713844,17:44:00
87605,1601,-73.98174300000001,40.746390999999996,2862,-73.953362,40.785187,17:42:00
87706,1153,-73.989807,40.728695,895,-73.994957,40.770016,20:32:00
87724,320,-74.007118,40.711712,1659,-73.98085,40.713553999999995,17:05:00
87833,1394,-73.985077,40.719082,2091,-73.972473,40.758998999999996,20:32:00
87841,1377,-73.985359,40.773491,2122,-73.97177099999999,40.792126,20:33:00
87917,2473,-73.962784,40.781528,2473,-73.962784,40.781528,19:40:00
88034,519,-74.003365,40.708138,82,-74.012054,40.720306,22:33:00
88236,1293,-73.987091,40.753609000000004,1412,-73.984779,40.782482,21:48:00
88454,2334,-73.967003,40.752311999999996,2394,-73.965096,40.769108,18:29:00
88709,573,-74.002136,40.737064000000004,914,-73.994652,40.725929,21:09:00
88726,1522,-73.98275,40.733925,1884,-73.976341,40.73595,21:55:00
88752,2564,-73.960526,40.797367,2034,-73.97374,40.794594000000004,19:47:00
89088,129,-74.010544,40.709152,129,-74.010544,40.709152,18:16:00
89337,452,-74.004784,40.723625,505,-74.003654,40.729343,23:44:00
89448,1394,-73.985077,40.719082,794,-73.997299,40.713467,20:29:00
89579,378,-74.006134,40.719444,378,-74.006134,40.719444,22:18:00
89684,219,-74.008812,40.706013,23,-74.015694,40.704842,18:22:00
89755,443,-74.004974,40.715759000000006,97,-74.011566,40.70425,19:06:00
89923,950,-73.994034,40.731285,613,-74.00140400000001,40.722557,20:36:00
90004,1908,-73.975876,40.754704,1908,-73.975876,40.754704,20:19:00
90050,2533,-73.96125,40.811893,2485,-73.962456,40.804885999999996,19:31:00
90077,1151,-73.989861,40.720531,199,-74.00909399999999,40.72599,22:05:00
90112,240,-74.008415,40.744759,1367,-73.985519,40.721985,18:36:00
90152,997,-73.99290500000001,40.719891,1530,-73.98264300000001,40.78495,22:25:00
90227,594,-74.001717,40.709438,594,-74.001717,40.709438,21:48:00
90332,465,-74.00455500000001,40.706406,41,-74.014297,40.716991,18:14:00
90370,1567,-73.98217,40.72097,784,-73.997505,40.71405,21:49:00
90437,329,-74.00698100000001,40.735001000000004,1406,-73.98485600000001,40.711712,22:36:00
90556,1123,-73.990311,40.71909,14,-74.016624,40.708134,22:27:00
91201,305,-74.00745400000001,40.706051,144,-74.010201,40.70332,21:59:00
91287,1151,-73.989861,40.720531,349,-74.006622,40.736431,22:35:00
91361,3595,-73.938858,40.844681,3533,-73.939888,40.835777,23:10:00
91370,3556,-73.939522,40.847839,1728,-73.979401,40.749557,20:46:00
91412,1702,-73.979965,40.713974,1702,-73.979965,40.713974,21:25:00
91455,222,-74.00874300000001,40.719028,44,-74.014053,40.70908,22:44:00
91820,2380,-73.96560699999999,40.774406,2868,-73.953209,40.788528,21:00:00
92119,310,-74.007347,40.733589,582,-74.001961,40.761295000000004,21:09:00
92209,1151,-73.989861,40.720531,149,-74.01011700000001,40.738566999999996,23:30:00
92264,3082,-73.948608,40.789055,2424,-73.964287,40.802368,20:37:00
92657,1660,-73.98085,40.789253,1660,-73.98085,40.789253,21:14:00
92664,452,-74.004784,40.723625,129,-74.010544,40.709152,21:48:00
92665,1728,-73.979401,40.749557,2002,-73.974304,40.745796,21:54:00
92720,950,-73.994034,40.731285,757,-73.998039,40.714825,23:37:00
92827,305,-74.00745400000001,40.706051,700,-73.999321,40.715919,22:02:00
92897,162,-74.009918,40.721462,405,-74.00565300000001,40.720058,19:36:00
92958,1171,-73.989471,40.717892,536,-74.003029,40.715590999999996,21:13:00
93230,1293,-73.987091,40.753609000000004,3847,-73.933228,40.852215,21:12:00
93384,1164,-73.989616,40.720463,225,-74.008713,40.741474,20:07:00
93560,318,-74.007164,40.734295,172,-74.009773,40.722122,22:10:00
93723,1408,-73.984833,40.71767,1408,-73.984833,40.71767,22:04:00
93925,887,-73.995102,40.765232,1367,-73.985519,40.721985,22:27:00
94019,1906,-73.975891,40.788921,2653,-73.958405,40.807419,22:33:00
94209,3473,-73.94097099999999,40.824131,3473,-73.94097099999999,40.824131,23:55:00
94267,219,-74.008812,40.706013,1033,-73.992203,40.719666,22:00:00
94348,2299,-73.967789,40.801296,2241,-73.968948,40.795986,21:14:00
94748,3231,-73.94548,40.807774,2731,-73.95671800000001,40.786602,17:58:00
94842,889,-73.995064,40.728809000000005,956,-73.99382800000001,40.718143,23:14:00
94843,291,-74.00769,40.712547,729,-73.998627,40.713448,20:37:00
94982,3231,-73.94548,40.807774,3216,-73.94573199999999,40.825321,22:41:00
95034,789,-73.99736,40.729942,1575,-73.982086,40.723881,22:34:00
95199,250,-74.008324,40.736187,162,-74.009918,40.721462,20:10:00
95267,3711,-73.93647,40.805671999999994,3183,-73.946617,40.794918,17:47:00
95553,711,-73.99904599999999,40.708595,234,-74.008553,40.733402000000005,21:36:00
95565,89,-74.01178,40.72163,89,-74.01178,40.72163,21:58:00
95608,271,-74.008003,40.707977,304,-74.007462,40.707218,21:53:00
95661,1076,-73.991203,40.735878,239,-74.008438,40.734790999999994,20:27:00
95718,1300,-73.98696899999999,40.717857,1300,-73.98696899999999,40.717857,23:04:00
95876,762,-73.99793199999999,40.718159,681,-73.999702,40.711796,22:43:00
95955,2093,-73.97245,40.769493,2093,-73.97245,40.769493,21:27:00
96053,226,-74.008698,40.719296,478,-74.004227,40.731128999999996,22:39:00
96243,339,-74.006805,40.719776,339,-74.006805,40.719776,21:48:00
96292,2424,-73.964287,40.802368,3402,-73.942337,40.828781,22:55:00
96735,427,-74.00527199999999,40.728851,1444,-73.984261,40.71521,19:23:00
96780,803,-73.99698599999999,40.716541,137,-74.010338,40.723515,22:49:00
96840,1195,-73.989037,40.721615,993,-73.993042,40.725452000000004,19:17:00
97026,478,-74.004227,40.731128999999996,238,-74.00846899999999,40.720612,21:19:00
97099,786,-73.997398,40.721451,220,-74.00878900000001,40.704212,20:39:00
97100,573,-74.002136,40.737064000000004,2029,-73.973801,40.738369,20:48:00
97241,2295,-73.967865,40.802662,2826,-73.954346,40.824738,22:35:00
97332,633,-74.00095400000001,40.731705,3089,-73.948509,40.836365,20:47:00
97346,217,-74.00882,40.716015000000006,1540,-73.982452,40.714698999999996,21:48:00
97348,1997,-73.97449499999999,40.790805999999996,787,-73.99736800000001,40.762085,22:34:00
97436,18,-74.016335,40.70649,1996,-73.974503,40.732727000000004,18:10:00
97551,299,-74.007561,40.725842,1522,-73.98275,40.733925,21:18:00
97561,27,-74.015221,40.716015000000006,1316,-73.986717,40.771626,19:47:00
97689,405,-74.00565300000001,40.720058,427,-74.00527199999999,40.728851,19:37:00
97701,2336,-73.96691899999999,40.766605,3017,-73.950089,40.789677000000005,21:11:00
97769,89,-74.01178,40.72163,89,-74.01178,40.72163,22:04:00
97862,1352,-73.98590899999999,40.719337,721,-73.998795,40.7145,23:43:00
98017,2093,-73.97245,40.769493,2093,-73.97245,40.769493,20:36:00
98212,1201,-73.98891400000001,40.729904,13,-74.016754,40.706542999999996,21:46:00
98223,44,-74.014053,40.70908,1505,-73.983101,40.717182,21:53:00
98451,511,-74.00353199999999,40.717449,149,-74.01011700000001,40.738566999999996,21:48:00
98638,2533,-73.96125,40.811893,3932,-73.930099,40.851791,23:09:00
98824,520,-74.003342,40.735538,1624,-73.981438,40.723633,21:08:00
98999,222,-74.00874300000001,40.719028,1254,-73.98781600000001,40.735291,22:57:00
99069,787,-73.99736800000001,40.762085,3433,-73.94180300000001,40.812816999999995,20:24:00
99231,2841,-73.95395699999999,40.806354999999996,3465,-73.941078,40.829082,22:36:00
99240,2533,-73.96125,40.811893,3932,-73.930099,40.851791,22:51:00
99255,574,-74.002121,40.732841,789,-73.99736,40.729942,21:07:00
99286,633,-74.00095400000001,40.731705,1000,-73.992836,40.720028000000006,22:50:00
99558,989,-73.993095,40.717921999999994,345,-74.006691,40.720436,22:05:00
99879,2074,-73.972931,40.794253999999995,2424,-73.964287,40.802368,21:54:00
100231,329,-74.00698100000001,40.735001000000004,1086,-73.991013,40.728065,21:53:00
