9,1482,-73.983536,40.781128,3960,-73.92864200000001,40.851177,08:57:00
69,1754,-73.978844,40.787579,2098,-73.972298,40.796577,10:02:00
81,1921,-73.975601,40.789619,1452,-73.984055,40.780415000000005,10:00:00
112,2065,-73.973122,40.792709,2143,-73.97126,40.782719,08:38:00
507,2923,-73.952309,40.768822,2088,-73.972572,40.745067999999996,12:17:00
648,607,-74.001465,40.737167,525,-74.003159,40.727665,12:36:00
766,1921,-73.975601,40.789619,1261,-73.987724,40.775375,10:03:00
1087,1902,-73.976021,40.791453999999995,1023,-73.99237099999999,40.768982,13:32:00
1103,1125,-73.990273,40.723431,259,-74.008209,40.737553000000005,13:33:00
1191,2395,-73.964989,40.806763000000004,1952,-73.975105,40.792709,10:39:00
1219,1258,-73.987747,40.777901,1875,-73.976479,40.790828999999995,11:04:00
1331,2516,-73.961632,40.777,2567,-73.96041899999999,40.781532,08:48:00
1363,479,-74.00421899999999,40.752604999999996,1503,-73.983124,40.734844,12:15:00
1522,2601,-73.95965600000001,40.776996999999994,1947,-73.97522,40.755226,13:38:00
1580,2855,-73.953621,40.785294,2386,-73.965324,40.769203000000005,13:37:00
1582,2121,-73.97177099999999,40.760342,3155,-73.947128,40.771698,11:20:00
1743,11,-74.016922,40.7048,52,-74.013733,40.713707,11:01:00
1920,1952,-73.975105,40.792709,1531,-73.98262,40.782387,13:23:00
2074,116,-74.010971,40.716305,311,-74.007317,40.727329,10:03:00
2111,2457,-73.963226,40.777676,252,-74.00829300000001,40.745449,12:19:00
2225,1589,-73.981972,40.77813,1902,-73.976021,40.791453999999995,11:02:00
2344,1777,-73.978386,40.788212,2056,-73.973251,40.795269,09:00:00
2372,1117,-73.990387,40.731289000000004,2550,-73.960892,40.780876,11:21:00
2565,1007,-73.992699,40.763432,1647,-73.981026,40.769276,12:57:00
2619,2056,-73.973251,40.795269,1984,-73.974678,40.790874,12:30:00
2625,1902,-73.976021,40.791453999999995,2256,-73.968643,40.804207,12:30:00
2732,2138,-73.97138199999999,40.797832,2855,-73.953621,40.785294,10:58:00
2735,979,-73.993324,40.733303,503,-74.003716,40.736839,11:10:00
2763,1364,-73.985672,40.73822,1364,-73.985672,40.73822,14:54:00
2856,3973,-73.92778,40.854977000000005,674,-73.999939,40.748402,12:47:00
2935,1226,-73.988449,40.723278,79,-74.012268,40.701541999999996,12:50:00
3024,2538,-73.96112099999999,40.774986,2167,-73.970795,40.783352,13:00:00
3035,524,-74.003235,40.748974,1804,-73.977875,40.754726,12:58:00
3079,2681,-73.957863,40.782158,2654,-73.958405,40.775639,09:54:00
3175,1196,-73.989029,40.742264,1196,-73.989029,40.742264,11:52:00
3252,2582,-73.960121,40.776363,2396,-73.964989,40.766605,12:04:00
3281,2471,-73.962837,40.794205,2572,-73.96032,40.773014,09:25:00
3286,1711,-73.97976700000001,40.786308,1452,-73.984055,40.780415000000005,09:36:00
3397,1998,-73.97447199999999,40.746655,1825,-73.977562,40.725887,12:04:00
3444,2277,-73.968109,40.802326,365,-74.00643199999999,40.720406,11:05:00
3773,1114,-73.990486,40.771584000000004,1927,-73.97551,40.787003000000006,11:56:00
3804,404,-74.005661,40.726437,51,-74.01374100000001,40.70237,11:05:00
3919,2169,-73.970764,40.788422,2357,-73.966362,40.764732,12:00:00
3933,2807,-73.954819,40.789204,3520,-73.940063,40.789627,12:33:00
3934,607,-74.001465,40.737167,1119,-73.990364,40.729752000000005,12:34:00
4180,1904,-73.975975,40.786365999999994,1924,-73.975563,40.792084,13:37:00
4238,1809,-73.977806,40.77179,1809,-73.977806,40.77179,11:04:00
4269,340,-74.006798,40.735721999999996,116,-74.010971,40.716305,13:36:00
4351,1851,-73.976936,40.790199,1667,-73.980675,40.779922,10:37:00
4691,1287,-73.98719,40.770984999999996,2355,-73.96639300000001,40.770477,12:39:00
4723,252,-74.00829300000001,40.745449,340,-74.006798,40.735721999999996,12:36:00
4764,3422,-73.941948,40.787052,2737,-73.956528,40.763042,11:04:00
4852,3027,-73.949875,40.776196,3422,-73.941948,40.787052,11:14:00
5172,2307,-73.967606,40.766075,1971,-73.97489200000001,40.746047999999995,13:31:00
5340,1232,-73.98833499999999,40.754131,686,-73.999634,40.758877000000005,09:32:00
5608,2550,-73.960892,40.780876,2245,-73.96893299999999,40.790932,11:58:00
5662,2160,-73.970947,40.795994,3995,-73.925873,40.866023999999996,08:40:00
5701,607,-74.001465,40.737167,599,-74.00165600000001,40.733707,12:45:00
5869,2567,-73.96041899999999,40.781532,2366,-73.966072,40.773773,12:38:00
5976,2357,-73.966362,40.764732,2554,-73.960701,40.778271000000004,10:50:00
6109,1466,-73.98382600000001,40.721474,1663,-73.980728,40.78244,02:40:00
6202,1529,-73.982658,40.727261,1105,-73.990646,40.730614,13:42:00
6408,1322,-73.986626,40.725796,841,-73.99623100000001,40.767345,08:57:00
6494,1647,-73.981026,40.769276,645,-74.000656,40.722183,10:15:00
6503,2536,-73.961166,40.756679999999996,2601,-73.95965600000001,40.776996999999994,14:16:00
6727,2661,-73.958267,40.778908,2771,-73.955566,40.785301000000004,11:57:00
6882,2771,-73.955566,40.785301000000004,2400,-73.964867,40.76984,13:44:00
6965,336,-74.00685899999999,40.730228000000004,438,-74.005112,40.746371999999994,12:38:00
7054,2245,-73.96893299999999,40.790932,2126,-73.97168,40.787163,12:24:00
7118,34,-74.014542,40.717106,116,-74.010971,40.716305,10:59:00
7139,2339,-73.966835,40.804234,1971,-73.97489200000001,40.746047999999995,11:12:00
7172,2338,-73.96685,40.769847999999996,1991,-73.974533,40.778168,11:42:00
7241,576,-74.00209,40.719153999999996,342,-74.00676700000001,40.705624,02:57:00
7516,79,-74.012268,40.701541999999996,24,-74.015594,40.715546,14:14:00
7651,503,-74.003716,40.736839,47,-74.013947,40.713795000000005,13:20:00
7691,778,-73.997658,40.720837,1301,-73.986961,40.736465,02:56:00
7741,730,-73.998611,40.732215999999994,435,-74.005127,40.735962,13:41:00
7753,24,-74.015594,40.715546,2855,-73.953621,40.785294,09:04:00
7919,2245,-73.96893299999999,40.790932,1100,-73.99073800000001,40.736526,11:55:00
8111,1482,-73.983536,40.781128,2143,-73.97126,40.782719,11:30:00
8135,1825,-73.977562,40.725887,2098,-73.972298,40.796577,11:59:00
8186,2138,-73.97138199999999,40.797832,1875,-73.976479,40.790828999999995,09:42:00
8219,1825,-73.977562,40.725887,1641,-73.981125,40.733242,02:56:00
8312,1420,-73.98468000000001,40.721728999999996,365,-74.00643199999999,40.720406,11:01:00
8403,3027,-73.949875,40.776196,1764,-73.978645,40.78582,13:35:00
8415,2601,-73.95965600000001,40.776996999999994,2771,-73.955566,40.785301000000004,12:34:00
8468,51,-74.01374100000001,40.70237,24,-74.015594,40.715546,14:22:00
8477,1589,-73.981972,40.77813,2654,-73.958405,40.775639,09:59:00
8514,243,-74.008385,40.714363,1301,-73.986961,40.736465,12:22:00
8588,3133,-73.947601,40.783546,2684,-73.957809,40.779537,09:49:00
8623,252,-74.00829300000001,40.745449,2661,-73.958267,40.778908,10:46:00
8647,2465,-73.962959,40.772453000000006,1924,-73.975563,40.792084,09:55:00
8671,1754,-73.978844,40.787579,1754,-73.978844,40.787579,10:25:00
8736,2400,-73.964867,40.76984,2400,-73.964867,40.76984,09:21:00
8766,1480,-73.983551,40.734261,456,-74.004745,40.734660999999996,11:58:00
8806,1156,-73.989777,40.773792,404,-74.005661,40.726437,10:58:00
8822,438,-74.005112,40.746371999999994,669,-74.000099,40.725384000000005,12:28:00
8823,1902,-73.976021,40.791453999999995,1531,-73.98262,40.782387,12:36:00
8905,524,-74.003235,40.748974,543,-74.002808,40.728367,13:18:00
8917,1706,-73.979904,40.726867999999996,2636,-73.958809,40.759914,10:51:00
8962,2138,-73.97138199999999,40.797832,1985,-73.974648,40.793339,11:11:00
8988,1579,-73.982033,40.770503999999995,2063,-73.973145,40.790240999999995,10:39:00
9031,3182,-73.946632,40.7766,1932,-73.975464,40.776897,12:39:00
9047,1639,-73.981155,40.779263,2471,-73.962837,40.794205,10:09:00
9220,3155,-73.947128,40.771698,2737,-73.956528,40.763042,13:27:00
9290,2160,-73.970947,40.795994,1287,-73.98719,40.770984999999996,11:25:00
9378,321,-74.00709499999999,40.716,571,-74.002151,40.728035,12:41:00
9487,1753,-73.97886700000001,40.724087,79,-74.012268,40.701541999999996,02:55:00
9553,1902,-73.976021,40.791453999999995,1807,-73.97782099999999,40.783829,13:05:00
9578,1667,-73.980675,40.779922,2063,-73.973145,40.790240999999995,10:41:00
9646,1139,-73.990013,40.772228000000005,1667,-73.980675,40.779922,14:26:00
9737,2429,-73.964027,40.808083,3299,-73.944298,40.837078000000005,02:54:00
9817,2360,-73.96624,40.767952,2567,-73.96041899999999,40.781532,13:10:00
10054,1027,-73.992264,40.734531,525,-74.003159,40.727665,12:48:00
10332,1531,-73.98262,40.782387,2203,-73.96985600000001,40.784611,11:36:00
10400,2357,-73.966362,40.764732,3564,-73.93935400000001,40.825897,09:52:00
10425,907,-73.994789,40.731602,1529,-73.982658,40.727261,10:56:00
10476,2465,-73.962959,40.772453000000006,576,-74.00209,40.719153999999996,10:41:00
10579,1921,-73.975601,40.789619,1482,-73.983536,40.781128,09:56:00
10802,3152,-73.947174,40.796803000000004,4003,-73.924042,40.868473,11:56:00
10929,1482,-73.983536,40.781128,907,-73.994789,40.731602,12:16:00
11033,2131,-73.971649,40.766144,1196,-73.989029,40.742264,12:32:00
11117,2558,-73.96067,40.757362,2696,-73.957565,40.779434,10:47:00
11509,2098,-73.972298,40.796577,1711,-73.97976700000001,40.786308,10:58:00
11821,11,-74.016922,40.7048,2233,-73.969124,40.76672,11:37:00
11859,2550,-73.960892,40.780876,2550,-73.960892,40.780876,11:37:00
11909,1924,-73.975563,40.792084,1924,-73.975563,40.792084,10:56:00
11984,1261,-73.987724,40.775375,1484,-73.983521,40.776012,13:51:00
12009,1228,-73.988396,40.776516,1689,-73.980232,40.785671,09:29:00
12018,782,-73.997551,40.746582000000004,524,-74.003235,40.748974,09:23:00
12086,2111,-73.972122,40.745686,1228,-73.988396,40.776516,14:00:00
12139,2056,-73.973251,40.795269,2471,-73.962837,40.794205,10:03:00
12161,2143,-73.97126,40.782719,1639,-73.981155,40.779263,10:03:00
12162,2357,-73.966362,40.764732,1442,-73.984261,40.740173,10:01:00
12567,2365,-73.96611,40.789738,2516,-73.961632,40.777,12:04:00
12843,47,-74.013947,40.713795000000005,1163,-73.989639,40.776215,10:39:00
12860,3200,-73.946136,40.781307,2661,-73.958267,40.778908,09:20:00
12862,1924,-73.975563,40.792084,2143,-73.97126,40.782719,09:21:00
12870,983,-73.993263,40.72958,262,-74.00814100000001,40.711998,08:40:00
12878,1360,-73.985748,40.723007,999,-73.99284399999999,40.73008,10:09:00
12956,2567,-73.96041899999999,40.781532,2050,-73.973465,40.79789,12:52:00
12971,1466,-73.98382600000001,40.721474,419,-74.005386,40.73941,13:24:00
13084,1985,-73.974648,40.793339,1452,-73.984055,40.780415000000005,12:04:00
13109,1904,-73.975975,40.786365999999994,3027,-73.949875,40.776196,10:46:00
13358,2567,-73.96041899999999,40.781532,2249,-73.96884200000001,40.785969,11:10:00
13398,1531,-73.98262,40.782387,1924,-73.975563,40.792084,11:06:00
13803,1959,-73.974998,40.777534,2103,-73.97223699999999,40.768856,10:07:00
13820,831,-73.996376,40.755096,262,-74.00814100000001,40.711998,12:33:00
13823,181,-74.00954399999999,40.710327,733,-73.998589,40.717098,14:47:00
13824,1947,-73.97522,40.755226,611,-74.001419,40.756423999999996,14:15:00
13834,2079,-73.972755,40.795947999999996,2572,-73.96032,40.773014,13:39:00
13847,47,-74.013947,40.713795000000005,51,-74.01374100000001,40.70237,13:40:00
13929,252,-74.00829300000001,40.745449,342,-74.00676700000001,40.705624,12:41:00
14018,1875,-73.976479,40.790828999999995,1114,-73.990486,40.771584000000004,07:19:00
14022,2063,-73.973145,40.790240999999995,2169,-73.970764,40.788422,11:27:00
14102,522,-74.00329599999999,40.728714000000004,3526,-73.94001,40.785686,12:13:00
14112,2339,-73.966835,40.804234,1007,-73.992699,40.763432,12:22:00
14114,1647,-73.981026,40.769276,2338,-73.96685,40.769847999999996,12:30:00
14133,732,-73.99859599999999,40.750240000000005,3491,-73.94058199999999,40.839847999999996,11:06:00
14161,1800,-73.977997,40.725296,2636,-73.958809,40.759914,13:14:00
14373,1800,-73.977997,40.725296,949,-73.994034,40.720321999999996,09:24:00
14673,1902,-73.976021,40.791453999999995,2718,-73.956947,40.783417,13:32:00
14815,2538,-73.96112099999999,40.774986,2360,-73.96624,40.767952,13:03:00
14859,2098,-73.972298,40.796577,2216,-73.969559,40.802937,11:02:00
14877,1482,-73.983536,40.781128,1851,-73.976936,40.790199,08:44:00
15051,435,-74.005127,40.735962,1825,-73.977562,40.725887,14:17:00
15116,524,-74.003235,40.748974,3134,-73.947594,40.771072,13:21:00
15263,61,-74.013191,40.716499,576,-74.00209,40.719153999999996,10:05:00
15300,2160,-73.970947,40.795994,1452,-73.984055,40.780415000000005,13:44:00
15388,2923,-73.952309,40.768822,1809,-73.977806,40.77179,15:42:00
15429,1764,-73.978645,40.78582,1258,-73.987747,40.777901,13:44:00
15553,1927,-73.97551,40.787003000000006,2249,-73.96884200000001,40.785969,11:36:00
15607,1800,-73.977997,40.725296,949,-73.994034,40.720321999999996,13:16:00
15660,2203,-73.96985600000001,40.784611,1452,-73.984055,40.780415000000005,13:11:00
15684,1641,-73.981125,40.733242,730,-73.998611,40.732215999999994,10:51:00
15902,2771,-73.955566,40.785301000000004,1777,-73.978386,40.788212,15:42:00
15930,2567,-73.96041899999999,40.781532,1764,-73.978645,40.78582,12:35:00
16201,2582,-73.960121,40.776363,1932,-73.975464,40.776897,15:01:00
16248,1991,-73.974533,40.778168,2319,-73.9673,40.769226,14:49:00
16306,2550,-73.960892,40.780876,2465,-73.962959,40.772453000000006,14:11:00
16325,1764,-73.978645,40.78582,1952,-73.975105,40.792709,14:15:00
16368,3746,-73.935753,40.850165999999994,3960,-73.92864200000001,40.851177,13:50:00
16760,1959,-73.974998,40.777534,2471,-73.962837,40.794205,14:54:00
16868,1529,-73.982658,40.727261,1529,-73.982658,40.727261,11:07:00
17123,2277,-73.968109,40.802326,1921,-73.975601,40.789619,10:19:00
17158,2357,-73.966362,40.764732,340,-74.006798,40.735721999999996,11:26:00
17172,181,-74.00954399999999,40.710327,599,-74.00165600000001,40.733707,13:11:00
17210,710,-73.999062,40.720043,984,-73.993256,40.722355,12:35:00
17214,2169,-73.970764,40.788422,2718,-73.956947,40.783417,12:34:00
17312,54,-74.01355699999999,40.715237,2219,-73.969498,40.749214,12:38:00
17424,2465,-73.962959,40.772453000000006,2465,-73.962959,40.772453000000006,14:29:00
17484,61,-74.013191,40.716499,1706,-73.979904,40.726867999999996,13:42:00
17526,724,-73.998726,40.764305,1176,-73.989372,40.740589,13:31:00
17559,2233,-73.969124,40.76672,2121,-73.97177099999999,40.760342,13:10:00
17593,866,-73.995621,40.755554,252,-74.00829300000001,40.745449,13:29:00
17620,1287,-73.98719,40.770984999999996,1176,-73.989372,40.740589,14:16:00
17689,2718,-73.956947,40.783417,2718,-73.956947,40.783417,13:20:00
17917,571,-74.002151,40.728035,116,-74.010971,40.716305,13:49:00
17939,607,-74.001465,40.737167,1119,-73.990364,40.729752000000005,15:38:00
18280,2395,-73.964989,40.806763000000004,2566,-73.96045699999999,40.818039,11:13:00
18553,1467,-73.98380999999999,40.740790999999994,1988,-73.974579,40.721275,13:07:00
18612,1007,-73.992699,40.763432,1807,-73.97782099999999,40.783829,11:37:00
18720,1639,-73.981155,40.779263,2383,-73.965446,40.765984,14:07:00
18898,2121,-73.97177099999999,40.760342,11,-74.016922,40.7048,14:06:00
18932,2429,-73.964027,40.808083,1764,-73.978645,40.78582,11:05:00
18961,2425,-73.964226,40.776309999999995,599,-74.00165600000001,40.733707,13:38:00
19258,3027,-73.949875,40.776196,2079,-73.972755,40.795947999999996,12:30:00
19294,1804,-73.977875,40.754726,2316,-73.967377,40.76598,15:48:00
19542,1875,-73.976479,40.790828999999995,876,-73.995354,40.724072,13:26:00
19783,1807,-73.97782099999999,40.783829,2018,-73.97406,40.788986,14:54:00
19826,2203,-73.96985600000001,40.784611,1163,-73.989639,40.776215,15:41:00
19933,2018,-73.97406,40.788986,2018,-73.97406,40.788986,13:01:00
19991,79,-74.012268,40.701541999999996,342,-74.00676700000001,40.705624,13:44:00
20044,54,-74.01355699999999,40.715237,54,-74.01355699999999,40.715237,14:29:00
20180,1807,-73.97782099999999,40.783829,2169,-73.970764,40.788422,14:35:00
20200,2131,-73.971649,40.766144,2718,-73.956947,40.783417,14:52:00
20209,907,-73.994789,40.731602,886,-73.995102,40.755035,13:01:00
20558,1503,-73.983124,40.734844,645,-74.000656,40.722183,11:39:00
20626,2269,-73.968384,40.750744,2269,-73.968384,40.750744,15:16:00
20630,2245,-73.96893299999999,40.790932,1924,-73.975563,40.792084,15:15:00
20737,2465,-73.962959,40.772453000000006,2465,-73.962959,40.772453000000006,14:23:00
20779,2160,-73.970947,40.795994,3969,-73.928139,40.851859999999995,15:34:00
20913,2465,-73.962959,40.772453000000006,2357,-73.966362,40.764732,13:49:00
21214,460,-74.004654,40.747025,2346,-73.96669,40.753124,15:02:00
21301,1503,-73.983124,40.734844,3600,-73.93878199999999,40.852345,14:04:00
21355,674,-73.999939,40.748402,674,-73.999939,40.748402,15:42:00
21448,1875,-73.976479,40.790828999999995,3027,-73.949875,40.776196,13:46:00
21568,999,-73.99284399999999,40.73008,268,-74.008026,40.731049,13:42:00
21718,782,-73.997551,40.746582000000004,524,-74.003235,40.748974,15:15:00
21739,1139,-73.990013,40.772228000000005,2098,-73.972298,40.796577,14:52:00
21743,1503,-73.983124,40.734844,1420,-73.98468000000001,40.721728999999996,14:56:00
21764,2465,-73.962959,40.772453000000006,2018,-73.97406,40.788986,15:37:00
21781,1531,-73.98262,40.782387,1875,-73.976479,40.790828999999995,10:16:00
21835,2126,-73.97168,40.787163,2425,-73.964226,40.776309999999995,15:45:00
21871,116,-74.010971,40.716305,659,-74.000366,40.723797,10:45:00
21939,2737,-73.956528,40.763042,2396,-73.964989,40.766605,14:34:00
22036,2643,-73.95858,40.758831,1232,-73.98833499999999,40.754131,14:23:00
22064,2572,-73.96032,40.773014,2572,-73.96032,40.773014,14:34:00
22125,2457,-73.963226,40.777676,435,-74.005127,40.735962,14:24:00
22213,645,-74.000656,40.722183,1947,-73.97522,40.755226,14:51:00
22391,1809,-73.977806,40.77179,1809,-73.977806,40.77179,12:38:00
22557,2723,-73.956818,40.780903,2272,-73.968292,40.764728999999996,14:31:00
22724,984,-73.993256,40.722355,2154,-73.971191,40.766766,14:53:00
22733,75,-74.012573,40.703205,828,-73.996429,40.767429,14:23:00
22859,1984,-73.974678,40.790874,999,-73.99284399999999,40.73008,13:34:00
23010,2056,-73.973251,40.795269,1777,-73.978386,40.788212,11:10:00
23049,2167,-73.970795,40.783352,1764,-73.978645,40.78582,12:48:00
23077,524,-74.003235,40.748974,1639,-73.981155,40.779263,13:12:00
23272,267,-74.008049,40.739376,492,-74.00386800000001,40.705791,13:08:00
23320,2088,-73.972572,40.745067999999996,79,-74.012268,40.701541999999996,14:20:00
23439,911,-73.99470500000001,40.721309999999995,1694,-73.980171,40.722282,11:15:00
23471,2355,-73.96639300000001,40.770477,2355,-73.96639300000001,40.770477,13:53:00
23472,1927,-73.97551,40.787003000000006,2245,-73.96893299999999,40.790932,13:58:00
23565,2006,-73.974228,40.7915,1875,-73.976479,40.790828999999995,13:33:00
23701,2572,-73.96032,40.773014,2572,-73.96032,40.773014,14:30:00
23872,1927,-73.97551,40.787003000000006,2138,-73.97138199999999,40.797832,13:28:00
24027,1589,-73.981972,40.77813,1927,-73.97551,40.787003000000006,11:07:00
24040,1176,-73.989372,40.740589,1753,-73.97886700000001,40.724087,12:42:00
24138,2339,-73.966835,40.804234,1764,-73.978645,40.78582,13:27:00
24276,543,-74.002808,40.728367,1731,-73.979294,40.717319,11:14:00
24327,2654,-73.958405,40.775639,2357,-73.966362,40.764732,15:00:00
24458,1105,-73.990646,40.730614,545,-74.002769,40.739326,11:04:00
24657,321,-74.00709499999999,40.716,777,-73.997681,40.751484000000005,14:34:00
24784,342,-74.00676700000001,40.705624,782,-73.997551,40.746582000000004,10:11:00
24817,1287,-73.98719,40.770984999999996,1809,-73.977806,40.77179,14:56:00
25668,2360,-73.96624,40.767952,2457,-73.963226,40.777676,14:26:00
25706,1639,-73.981155,40.779263,1893,-73.97623399999999,40.794827000000005,15:19:00
25751,545,-74.002769,40.739326,522,-74.00329599999999,40.728714000000004,14:10:00
25896,2297,-73.967804,40.751507000000004,2353,-73.966515,40.808228,14:08:00
25935,2105,-73.972229,40.791496,3624,-73.938362,40.840488,13:18:00
25984,1023,-73.99237099999999,40.768982,336,-74.00685899999999,40.730228000000004,12:28:00
26080,1817,-73.977692,40.792164,2357,-73.966362,40.764732,13:46:00
26172,438,-74.005112,40.746371999999994,3309,-73.944092,40.842144,14:23:00
26252,1947,-73.97522,40.755226,1503,-73.983124,40.734844,15:36:00
26297,1921,-73.975601,40.789619,1667,-73.980675,40.779922,14:20:00
26489,3200,-73.946136,40.781307,438,-74.005112,40.746371999999994,13:39:00
26602,2309,-73.967537,40.771774,2316,-73.967377,40.76598,14:32:00
26837,1706,-73.979904,40.726867999999996,599,-74.00165600000001,40.733707,13:08:00
26958,2154,-73.971191,40.766766,599,-74.00165600000001,40.733707,12:28:00
26975,1902,-73.976021,40.791453999999995,1667,-73.980675,40.779922,15:07:00
27094,2233,-73.969124,40.76672,2572,-73.96032,40.773014,13:52:00
27310,1921,-73.975601,40.789619,1163,-73.989639,40.776215,15:41:00
27322,1924,-73.975563,40.792084,1258,-73.987747,40.777901,13:07:00
27417,1462,-73.98384899999999,40.71954,1844,-73.977135,40.726482,13:20:00
27556,1252,-73.987877,40.717407,778,-73.997658,40.720837,11:37:00
27614,2138,-73.97138199999999,40.797832,2550,-73.960892,40.780876,14:30:00
27741,1484,-73.983521,40.776012,1711,-73.97976700000001,40.786308,14:35:00
27780,2160,-73.970947,40.795994,1851,-73.976936,40.790199,15:47:00
27850,2360,-73.96624,40.767952,1776,-73.978424,40.724697,12:54:00
27956,2138,-73.97138199999999,40.797832,3831,-73.933708,40.854168,14:13:00
28081,1125,-73.990273,40.723431,1753,-73.97886700000001,40.724087,15:44:00
28226,669,-74.000099,40.725384000000005,456,-74.004745,40.734660999999996,13:27:00
28533,1777,-73.978386,40.788212,1777,-73.978386,40.788212,15:57:00
28567,489,-74.003929,40.720856,51,-74.01374100000001,40.70237,11:39:00
28660,2855,-73.953621,40.785294,231,-74.00859100000001,40.728909,10:55:00
28690,1531,-73.98262,40.782387,2167,-73.970795,40.783352,13:01:00
28781,999,-73.99284399999999,40.73008,876,-73.995354,40.724072,12:52:00
28792,2233,-73.969124,40.76672,3217,-73.945724,40.773621,15:48:00
28808,686,-73.999634,40.758877000000005,777,-73.997681,40.751484000000005,13:51:00
28844,2098,-73.972298,40.796577,2360,-73.96624,40.767952,13:00:00
28891,2307,-73.967606,40.766075,2601,-73.95965600000001,40.776996999999994,10:38:00
29024,2098,-73.972298,40.796577,2154,-73.971191,40.766766,14:52:00
29229,1639,-73.981155,40.779263,2790,-73.955116,40.785927,11:07:00
29370,2160,-73.970947,40.795994,2429,-73.964027,40.808083,14:56:00
29693,669,-74.000099,40.725384000000005,116,-74.010971,40.716305,13:49:00
29701,2131,-73.971649,40.766144,2307,-73.967606,40.766075,15:15:00
29706,2197,-73.97000899999999,40.799721000000005,1984,-73.974678,40.790874,15:11:00
29727,782,-73.997551,40.746582000000004,2572,-73.96032,40.773014,10:58:00
29736,782,-73.997551,40.746582000000004,47,-74.013947,40.713795000000005,14:32:00
29756,1322,-73.986626,40.725796,2658,-73.958321,40.764614,14:28:00
30027,2126,-73.97168,40.787163,3027,-73.949875,40.776196,15:45:00
30763,2339,-73.966835,40.804234,1902,-73.976021,40.791453999999995,14:46:00
30954,2386,-73.965324,40.769203000000005,2088,-73.972572,40.745067999999996,14:05:00
31231,1998,-73.97447199999999,40.746655,835,-73.9963,40.724663,13:51:00
31254,2638,-73.958733,40.778271000000004,2338,-73.96685,40.769847999999996,16:20:00
31276,3182,-73.946632,40.7766,2718,-73.956947,40.783417,15:20:00
31331,710,-73.999062,40.720043,34,-74.014542,40.717106,14:03:00
31688,1482,-73.983536,40.781128,2056,-73.973251,40.795269,12:48:00
31764,1689,-73.980232,40.785671,1893,-73.97623399999999,40.794827000000005,12:45:00
31780,51,-74.01374100000001,40.70237,543,-74.002808,40.728367,14:40:00
31881,1503,-73.983124,40.734844,181,-74.00954399999999,40.710327,16:03:00
31923,2636,-73.958809,40.759914,3061,-73.949081,40.768723,14:18:00
32043,2654,-73.958405,40.775639,2477,-73.962662,40.754856,15:36:00
32120,2790,-73.955116,40.785927,1902,-73.976021,40.791453999999995,14:56:00
32173,11,-74.016922,40.7048,503,-74.003716,40.736839,15:44:00
32322,1800,-73.977997,40.725296,3027,-73.949875,40.776196,13:22:00
32435,51,-74.01374100000001,40.70237,730,-73.998611,40.732215999999994,12:32:00
32478,61,-74.013191,40.716499,419,-74.005386,40.73941,15:08:00
32514,2855,-73.953621,40.785294,2855,-73.953621,40.785294,15:20:00
32579,259,-74.008209,40.737553000000005,460,-74.004654,40.747025,15:27:00
32683,2572,-73.96032,40.773014,1095,-73.990822,40.724274,14:32:00
32702,1467,-73.98380999999999,40.740790999999994,524,-74.003235,40.748974,16:24:00
33346,782,-73.997551,40.746582000000004,2203,-73.96985600000001,40.784611,16:13:00
33528,1639,-73.981155,40.779263,1927,-73.97551,40.787003000000006,14:38:00
33624,1777,-73.978386,40.788212,1139,-73.990013,40.772228000000005,14:16:00
33830,1777,-73.978386,40.788212,1777,-73.978386,40.788212,15:53:00
33859,2923,-73.952309,40.768822,2111,-73.972122,40.745686,15:08:00
33926,1921,-73.975601,40.789619,1904,-73.975975,40.786365999999994,16:28:00
34004,1959,-73.974998,40.777534,2006,-73.974228,40.7915,12:43:00
34169,1764,-73.978645,40.78582,2079,-73.972755,40.795947999999996,13:33:00
34198,2723,-73.956818,40.780903,2400,-73.964867,40.76984,15:20:00
34226,262,-74.00814100000001,40.711998,262,-74.00814100000001,40.711998,16:03:00
34317,2554,-73.960701,40.778271000000004,2790,-73.955116,40.785927,15:02:00
34438,1932,-73.975464,40.776897,2249,-73.96884200000001,40.785969,15:21:00
34564,841,-73.99623100000001,40.767345,659,-74.000366,40.723797,14:30:00
34581,1924,-73.975563,40.792084,866,-73.995621,40.755554,14:01:00
34746,181,-74.00954399999999,40.710327,543,-74.002808,40.728367,13:56:00
34955,2063,-73.973145,40.790240999999995,2131,-73.971649,40.766144,15:53:00
34964,2536,-73.961166,40.756679999999996,522,-74.00329599999999,40.728714000000004,12:56:00
35021,230,-74.008636,40.732642999999996,230,-74.008636,40.732642999999996,16:08:00
35034,1952,-73.975105,40.792709,2079,-73.972755,40.795947999999996,16:34:00
35181,1322,-73.986626,40.725796,1667,-73.980675,40.779922,14:58:00
35333,1927,-73.97551,40.787003000000006,2169,-73.970764,40.788422,16:33:00
35361,2737,-73.956528,40.763042,2182,-73.970421,40.745739,15:21:00
35736,576,-74.00209,40.719153999999996,2516,-73.961632,40.777,15:54:00
35857,2360,-73.96624,40.767952,1639,-73.981155,40.779263,16:25:00
36034,2457,-73.963226,40.777676,79,-74.012268,40.701541999999996,13:08:00
36072,576,-74.00209,40.719153999999996,181,-74.00954399999999,40.710327,14:00:00
36111,2601,-73.95965600000001,40.776996999999994,1947,-73.97522,40.755226,14:40:00
36126,524,-74.003235,40.748974,673,-73.999954,40.718018,14:53:00
36183,777,-73.997681,40.751484000000005,752,-73.998077,40.764835,14:30:00
36204,751,-73.998131,40.750854,751,-73.998131,40.750854,12:50:00
36239,2167,-73.970795,40.783352,1531,-73.98262,40.782387,14:37:00
36252,596,-74.00168599999999,40.730579,1125,-73.990273,40.723431,14:30:00
36268,690,-73.999588,40.731052000000005,1301,-73.986961,40.736465,15:11:00
36500,1667,-73.980675,40.779922,1904,-73.975975,40.786365999999994,13:14:00
36527,2425,-73.964226,40.776309999999995,1119,-73.990364,40.729752000000005,12:39:00
36681,281,-74.007858,40.746796,3155,-73.947128,40.771698,13:33:00
36698,51,-74.01374100000001,40.70237,79,-74.012268,40.701541999999996,16:09:00
36763,2737,-73.956528,40.763042,2339,-73.966835,40.804234,16:09:00
36804,1958,-73.97500600000001,40.796001000000004,1777,-73.978386,40.788212,14:07:00
36814,267,-74.008049,40.739376,2121,-73.97177099999999,40.760342,15:00:00
36936,2339,-73.966835,40.804234,2957,-73.95153,40.799458,14:22:00
36956,1959,-73.974998,40.777534,2338,-73.96685,40.769847999999996,15:14:00
36991,2197,-73.97000899999999,40.799721000000005,492,-74.00386800000001,40.705791,15:31:00
37000,118,-74.010849,40.708797,1466,-73.98382600000001,40.721474,13:53:00
37290,1902,-73.976021,40.791453999999995,1667,-73.980675,40.779922,15:54:00
37460,2658,-73.958321,40.764614,3155,-73.947128,40.771698,12:46:00
37474,1754,-73.978844,40.787579,2062,-73.973145,40.758461,12:38:00
37524,1753,-73.97886700000001,40.724087,3731,-73.936035,40.854915999999996,13:24:00
37602,669,-74.000099,40.725384000000005,1472,-73.983643,40.719978000000005,16:20:00
37699,2079,-73.972755,40.795947999999996,1817,-73.977692,40.792164,14:38:00
37746,1287,-73.98719,40.770984999999996,2355,-73.96639300000001,40.770477,15:20:00
37828,2383,-73.965446,40.765984,1125,-73.990273,40.723431,14:00:00
37866,1258,-73.987747,40.777901,1482,-73.983536,40.781128,13:39:00
37945,1258,-73.987747,40.777901,1007,-73.992699,40.763432,15:13:00
37980,674,-73.999939,40.748402,674,-73.999939,40.748402,15:21:00
37986,1114,-73.990486,40.771584000000004,1007,-73.992699,40.763432,15:15:00
38062,1804,-73.977875,40.754726,2681,-73.957863,40.782158,13:10:00
38072,2203,-73.96985600000001,40.784611,777,-73.997681,40.751484000000005,16:24:00
38109,2338,-73.96685,40.769847999999996,2088,-73.972572,40.745067999999996,16:21:00
38253,93,-74.01165,40.722309,456,-74.004745,40.734660999999996,17:10:00
38505,1114,-73.990486,40.771584000000004,1007,-73.992699,40.763432,12:54:00
38632,1875,-73.976479,40.790828999999995,2138,-73.97138199999999,40.797832,14:38:00
38708,1927,-73.97551,40.787003000000006,2681,-73.957863,40.782158,15:50:00
38993,2718,-73.956947,40.783417,2203,-73.96985600000001,40.784611,17:41:00
39036,2638,-73.958733,40.778271000000004,2638,-73.958733,40.778271000000004,16:23:00
39424,710,-73.999062,40.720043,1119,-73.990364,40.729752000000005,15:22:00
39594,778,-73.997658,40.720837,1125,-73.990273,40.723431,16:22:00
39787,1023,-73.99237099999999,40.768982,751,-73.998131,40.750854,13:32:00
39796,2339,-73.966835,40.804234,3060,-73.949097,40.834351,13:33:00
39964,2065,-73.973122,40.792709,724,-73.998726,40.764305,12:40:00
40004,1952,-73.975105,40.792709,2079,-73.972755,40.795947999999996,14:03:00
40117,1927,-73.97551,40.787003000000006,2056,-73.973251,40.795269,16:30:00
40530,2737,-73.956528,40.763042,2126,-73.97168,40.787163,16:23:00
40612,2572,-73.96032,40.773014,3582,-73.939148,40.826626,16:09:00
40614,710,-73.999062,40.720043,2554,-73.960701,40.778271000000004,16:02:00
40615,1156,-73.989777,40.773792,1711,-73.97976700000001,40.786308,16:18:00
40701,1663,-73.980728,40.78244,2098,-73.972298,40.796577,14:04:00
40810,1754,-73.978844,40.787579,2550,-73.960892,40.780876,12:47:00
40821,1764,-73.978645,40.78582,2063,-73.973145,40.790240999999995,14:47:00
41104,2319,-73.9673,40.769226,3134,-73.947594,40.771072,13:59:00
41239,1985,-73.974648,40.793339,2197,-73.97000899999999,40.799721000000005,17:06:00
41454,230,-74.008636,40.732642999999996,492,-74.00386800000001,40.705791,16:22:00
41456,1442,-73.984261,40.740173,1800,-73.977997,40.725296,16:25:00
41570,1007,-73.992699,40.763432,2245,-73.96893299999999,40.790932,17:48:00
41626,2696,-73.957565,40.779434,2386,-73.965324,40.769203000000005,14:01:00
41648,2550,-73.960892,40.780876,2386,-73.965324,40.769203000000005,16:03:00
41680,197,-74.009209,40.716187,710,-73.999062,40.720043,15:02:00
42032,1139,-73.990013,40.772228000000005,2923,-73.952309,40.768822,13:54:00
42101,1647,-73.981026,40.769276,1647,-73.981026,40.769276,13:23:00
42277,972,-73.993523,40.72163,359,-74.006462,40.738754,13:30:00
42292,340,-74.006798,40.735721999999996,659,-74.000366,40.723797,14:34:00
42371,2339,-73.966835,40.804234,3353,-73.943359,40.825953999999996,14:39:00
42432,2957,-73.95153,40.799458,2601,-73.95965600000001,40.776996999999994,12:49:00
42524,2203,-73.96985600000001,40.784611,2121,-73.97177099999999,40.760342,15:58:00
42553,1100,-73.99073800000001,40.736526,1775,-73.97847,40.785755,15:34:00
42582,1442,-73.984261,40.740173,435,-74.005127,40.735962,13:18:00
42607,1924,-73.975563,40.792084,1258,-73.987747,40.777901,15:26:00
42636,1176,-73.989372,40.740589,2402,-73.964813,40.753315,16:33:00
42776,2807,-73.954819,40.789204,2654,-73.958405,40.775639,16:34:00
42892,2572,-73.96032,40.773014,2789,-73.955162,40.764919,14:41:00
42916,2536,-73.961166,40.756679999999996,1105,-73.990646,40.730614,14:54:00
42964,3685,-73.93705,40.807545000000005,1531,-73.98262,40.782387,16:22:00
43078,1689,-73.980232,40.785671,2056,-73.973251,40.795269,16:11:00
43284,1237,-73.988251,40.71846,1776,-73.978424,40.724697,15:18:00
43310,3200,-73.946136,40.781307,2457,-73.963226,40.777676,14:18:00
43340,2105,-73.972229,40.791496,2098,-73.972298,40.796577,13:19:00
43502,1711,-73.97976700000001,40.786308,1711,-73.97976700000001,40.786308,16:10:00
43570,2233,-73.969124,40.76672,1965,-73.974953,40.790184,16:10:00
43602,2256,-73.968643,40.804207,2847,-73.953751,40.825325,15:21:00
43726,2400,-73.964867,40.76984,2360,-73.96624,40.767952,16:34:00
43729,1275,-73.98745699999999,40.71822,404,-74.005661,40.726437,15:55:00
43791,47,-74.013947,40.713795000000005,47,-74.013947,40.713795000000005,15:50:00
43834,571,-74.002151,40.728035,24,-74.015594,40.715546,16:29:00
43839,2167,-73.970795,40.783352,2006,-73.974228,40.7915,16:32:00
43873,1992,-73.974525,40.737381,1992,-73.974525,40.737381,16:39:00
43892,268,-74.008026,40.731049,61,-74.013191,40.716499,15:29:00
44618,1875,-73.976479,40.790828999999995,1139,-73.990013,40.772228000000005,16:41:00
44647,2601,-73.95965600000001,40.776996999999994,2536,-73.961166,40.756679999999996,17:21:00
44759,268,-74.008026,40.731049,252,-74.00829300000001,40.745449,15:30:00
44969,2121,-73.97177099999999,40.760342,3111,-73.948021,40.792984000000004,12:49:00
45011,2056,-73.973251,40.795269,1261,-73.987724,40.775375,16:37:00
45063,2658,-73.958321,40.764614,2430,-73.96401999999999,40.753799,14:05:00
45149,690,-73.999588,40.731052000000005,690,-73.999588,40.731052000000005,17:08:00
45242,710,-73.999062,40.720043,2383,-73.965446,40.765984,14:31:00
45247,2550,-73.960892,40.780876,2316,-73.967377,40.76598,18:16:00
45343,2661,-73.958267,40.778908,2661,-73.958267,40.778908,16:42:00
45409,1480,-73.983551,40.734261,709,-73.999107,40.731628,16:10:00
45545,2957,-73.95153,40.799458,3737,-73.935959,40.817799,17:15:00
45583,927,-73.994362,40.712307,259,-74.008209,40.737553000000005,16:32:00
45680,2572,-73.96032,40.773014,2723,-73.956818,40.780903,17:19:00
45839,2233,-73.969124,40.76672,1639,-73.981155,40.779263,16:34:00
45840,2638,-73.958733,40.778271000000004,2638,-73.958733,40.778271000000004,16:33:00
46078,47,-74.013947,40.713795000000005,460,-74.004654,40.747025,14:42:00
46354,674,-73.999939,40.748402,674,-73.999939,40.748402,16:40:00
46428,2978,-73.950989,40.766563,2771,-73.955566,40.785301000000004,15:40:00
46491,1364,-73.985672,40.73822,259,-74.008209,40.737553000000005,16:00:00
46628,1163,-73.989639,40.776215,1667,-73.980675,40.779922,18:32:00
46644,2395,-73.964989,40.806763000000004,2365,-73.96611,40.789738,15:20:00
46714,1196,-73.989029,40.742264,1529,-73.982658,40.727261,17:15:00
46730,2360,-73.96624,40.767952,2319,-73.9673,40.769226,14:50:00
46836,543,-74.002808,40.728367,1503,-73.983124,40.734844,17:13:00
46899,489,-74.003929,40.720856,281,-74.007858,40.746796,15:26:00
47026,1163,-73.989639,40.776215,2138,-73.97138199999999,40.797832,15:56:00
47093,456,-74.004745,40.734660999999996,1708,-73.979858,40.790615,16:39:00
47132,2538,-73.96112099999999,40.774986,2684,-73.957809,40.779537,18:38:00
47146,673,-73.999954,40.718018,1232,-73.98833499999999,40.754131,15:27:00
47572,54,-74.01355699999999,40.715237,659,-74.000366,40.723797,17:25:00
47577,2684,-73.957809,40.779537,2167,-73.970795,40.783352,17:28:00
47763,673,-73.999954,40.718018,158,-74.009987,40.705147,17:06:00
47807,2063,-73.973145,40.790240999999995,2723,-73.956818,40.780903,16:32:00
48233,2319,-73.9673,40.769226,2582,-73.960121,40.776363,16:42:00
48636,1466,-73.98382600000001,40.721474,360,-74.006454,40.706982,15:58:00
48767,2923,-73.952309,40.768822,2789,-73.955162,40.764919,16:39:00
48808,1228,-73.988396,40.776516,1708,-73.979858,40.790615,17:12:00
48810,2790,-73.955116,40.785927,1531,-73.98262,40.782387,17:03:00
48841,230,-74.008636,40.732642999999996,61,-74.013191,40.716499,18:33:00
48862,1452,-73.984055,40.780415000000005,1912,-73.975815,40.795521,16:17:00
48873,51,-74.01374100000001,40.70237,759,-73.99799300000001,40.712723,17:48:00
49017,1139,-73.990013,40.772228000000005,2143,-73.97126,40.782719,16:31:00
49041,2429,-73.964027,40.808083,3027,-73.949875,40.776196,17:36:00
49046,1114,-73.990486,40.771584000000004,1114,-73.990486,40.771584000000004,17:49:00
49107,2516,-73.961632,40.777,1730,-73.979301,40.786945,18:33:00
49145,1482,-73.983536,40.781128,1647,-73.981026,40.769276,15:51:00
49175,2386,-73.965324,40.769203000000005,1851,-73.976936,40.790199,18:18:00
49273,1237,-73.988251,40.71846,1529,-73.982658,40.727261,16:33:00
49375,1196,-73.989029,40.742264,778,-73.997658,40.720837,17:45:00
49486,972,-73.993523,40.72163,3133,-73.947601,40.783546,16:06:00
49784,2471,-73.962837,40.794205,1927,-73.97551,40.787003000000006,17:39:00
49792,632,-74.000961,40.757027,709,-73.999107,40.731628,17:17:00
49813,1711,-73.97976700000001,40.786308,1258,-73.987747,40.777901,13:35:00
49824,2790,-73.955116,40.785927,2307,-73.967606,40.766075,16:34:00
50038,673,-73.999954,40.718018,181,-74.00954399999999,40.710327,11:48:00
50117,2558,-73.96067,40.757362,2365,-73.96611,40.789738,18:24:00
50148,674,-73.999939,40.748402,1466,-73.98382600000001,40.721474,16:44:00
50161,1023,-73.99237099999999,40.768982,673,-73.999954,40.718018,16:55:00
50240,2386,-73.965324,40.769203000000005,2661,-73.958267,40.778908,16:14:00
50494,1689,-73.980232,40.785671,2696,-73.957565,40.779434,14:38:00
50523,907,-73.994789,40.731602,435,-74.005127,40.735962,11:51:00
50532,47,-74.013947,40.713795000000005,2789,-73.955162,40.764919,19:01:00
50581,1902,-73.976021,40.791453999999995,1258,-73.987747,40.777901,17:35:00
50641,2203,-73.96985600000001,40.784611,1804,-73.977875,40.754726,14:43:00
50676,669,-74.000099,40.725384000000005,1226,-73.988449,40.723278,18:35:00
50902,75,-74.012573,40.703205,2723,-73.956818,40.780903,15:27:00
51050,1589,-73.981972,40.77813,1777,-73.978386,40.788212,19:09:00
51240,2530,-73.961334,40.774265,2098,-73.972298,40.796577,15:25:00
51325,1261,-73.987724,40.775375,1807,-73.97782099999999,40.783829,18:34:00
51458,545,-74.002769,40.739326,673,-73.999954,40.718018,18:31:00
51644,1228,-73.988396,40.776516,1689,-73.980232,40.785671,16:15:00
51991,2065,-73.973122,40.792709,2167,-73.970795,40.783352,15:47:00
52181,1364,-73.985672,40.73822,197,-74.009209,40.716187,14:55:00
52242,2088,-73.972572,40.745067999999996,158,-74.009987,40.705147,17:50:00
52328,1809,-73.977806,40.77179,1809,-73.977806,40.77179,16:38:00
52342,61,-74.013191,40.716499,230,-74.008636,40.732642999999996,17:35:00
52463,460,-74.004654,40.747025,3170,-73.946899,40.80584,18:05:00
52559,2277,-73.968109,40.802326,2203,-73.96985600000001,40.784611,16:40:00
52591,2307,-73.967606,40.766075,2582,-73.960121,40.776363,16:11:00
52621,2471,-73.962837,40.794205,1817,-73.977692,40.792164,15:43:00
52730,51,-74.01374100000001,40.70237,181,-74.00954399999999,40.710327,15:23:00
52990,2582,-73.960121,40.776363,2105,-73.972229,40.791496,18:20:00
53012,2365,-73.96611,40.789738,2245,-73.96893299999999,40.790932,17:17:00
53224,1322,-73.986626,40.725796,1027,-73.992264,40.734531,16:45:00
53248,2807,-73.954819,40.789204,2550,-73.960892,40.780876,17:13:00
53454,2789,-73.955162,40.764919,1807,-73.97782099999999,40.783829,16:41:00
53467,673,-73.999954,40.718018,438,-74.005112,40.746371999999994,15:45:00
53510,2395,-73.964989,40.806763000000004,2098,-73.972298,40.796577,17:22:00
53729,3155,-73.947128,40.771698,1258,-73.987747,40.777901,18:49:00
53928,1232,-73.98833499999999,40.754131,1237,-73.988251,40.71846,18:25:00
53949,158,-74.009987,40.705147,2658,-73.958321,40.764614,18:24:00
54092,730,-73.998611,40.732215999999994,181,-74.00954399999999,40.710327,16:07:00
54357,673,-73.999954,40.718018,1437,-73.984344,40.734596,15:37:00
54548,1927,-73.97551,40.787003000000006,2249,-73.96884200000001,40.785969,15:06:00
54591,1952,-73.975105,40.792709,2197,-73.97000899999999,40.799721000000005,17:27:00
54699,67,-74.01299300000001,40.709354,2219,-73.969498,40.749214,14:52:00
54728,1927,-73.97551,40.787003000000006,2197,-73.97000899999999,40.799721000000005,15:35:00
54735,3217,-73.945724,40.773621,2723,-73.956818,40.780903,17:12:00
54880,243,-74.008385,40.714363,340,-74.006798,40.735721999999996,16:03:00
54991,9,-74.017014,40.705791,522,-74.00329599999999,40.728714000000004,17:00:00
55047,1420,-73.98468000000001,40.721728999999996,2346,-73.96669,40.753124,17:22:00
55321,2567,-73.96041899999999,40.781532,730,-73.998611,40.732215999999994,17:13:00
55332,2062,-73.973145,40.758461,3312,-73.944046,40.822052,12:58:00
55434,524,-74.003235,40.748974,524,-74.003235,40.748974,16:43:00
55653,545,-74.002769,40.739326,611,-74.001419,40.756423999999996,17:07:00
55752,1531,-73.98262,40.782387,1261,-73.987724,40.775375,16:35:00
55836,2197,-73.97000899999999,40.799721000000005,2400,-73.964867,40.76984,13:13:00
55861,1807,-73.97782099999999,40.783829,1139,-73.990013,40.772228000000005,18:14:00
55863,2638,-73.958733,40.778271000000004,2638,-73.958733,40.778271000000004,16:41:00
55878,2339,-73.966835,40.804234,1452,-73.984055,40.780415000000005,16:06:00
55884,1711,-73.97976700000001,40.786308,2538,-73.96112099999999,40.774986,16:05:00
55958,1228,-73.988396,40.776516,1984,-73.974678,40.790874,17:27:00
55970,1851,-73.976936,40.790199,1452,-73.984055,40.780415000000005,18:37:00
56201,2429,-73.964027,40.808083,1466,-73.98382600000001,40.721474,17:19:00
56324,24,-74.015594,40.715546,24,-74.015594,40.715546,17:11:00
56495,2855,-73.953621,40.785294,2396,-73.964989,40.766605,16:10:00
56688,11,-74.016922,40.7048,522,-74.00329599999999,40.728714000000004,17:45:00
56780,1777,-73.978386,40.788212,1932,-73.975464,40.776897,15:30:00
56861,404,-74.005661,40.726437,404,-74.005661,40.726437,19:06:00
56865,1027,-73.992264,40.734531,340,-74.006798,40.735721999999996,18:20:00
56977,2006,-73.974228,40.7915,2197,-73.97000899999999,40.799721000000005,17:28:00
56987,2429,-73.964027,40.808083,2079,-73.972755,40.795947999999996,17:31:00
56989,342,-74.00676700000001,40.705624,1641,-73.981125,40.733242,17:22:00
57011,2079,-73.972755,40.795947999999996,51,-74.01374100000001,40.70237,17:43:00
57070,1706,-73.979904,40.726867999999996,259,-74.008209,40.737553000000005,17:42:00
57256,2538,-73.96112099999999,40.774986,2307,-73.967606,40.766075,15:56:00
57416,2307,-73.967606,40.766075,866,-73.995621,40.755554,16:08:00
57543,54,-74.01355699999999,40.715237,866,-73.995621,40.755554,17:56:00
57850,2006,-73.974228,40.7915,2353,-73.966515,40.808228,18:45:00
58062,979,-73.993324,40.733303,2658,-73.958321,40.764614,16:24:00
58104,2307,-73.967606,40.766075,2402,-73.964813,40.753315,17:28:00
58169,2723,-73.956818,40.780903,2465,-73.962959,40.772453000000006,16:15:00
58300,342,-74.00676700000001,40.705624,9,-74.017014,40.705791,18:16:00
58568,999,-73.99284399999999,40.73008,911,-73.99470500000001,40.721309999999995,17:27:00
58593,2277,-73.968109,40.802326,2126,-73.97168,40.787163,16:51:00
58693,181,-74.00954399999999,40.710327,35,-74.014488,40.710968,14:57:00
58786,3743,-73.93581400000001,40.803699,3422,-73.941948,40.787052,17:29:00
58843,1984,-73.974678,40.790874,1730,-73.979301,40.786945,16:48:00
58928,259,-74.008209,40.737553000000005,1706,-73.979904,40.726867999999996,19:06:00
58951,3133,-73.947601,40.783546,3133,-73.947601,40.783546,17:23:00
58991,1851,-73.976936,40.790199,2718,-73.956947,40.783417,16:10:00
59007,522,-74.00329599999999,40.728714000000004,460,-74.004654,40.747025,16:10:00
59019,949,-73.994034,40.720321999999996,342,-74.00676700000001,40.705624,19:38:00
59044,2233,-73.969124,40.76672,1927,-73.97551,40.787003000000006,18:13:00
59082,1764,-73.978645,40.78582,2550,-73.960892,40.780876,17:52:00
59329,524,-74.003235,40.748974,268,-74.008026,40.731049,19:06:00
59412,2395,-73.964989,40.806763000000004,2245,-73.96893299999999,40.790932,16:08:00
59470,1364,-73.985672,40.73822,2554,-73.960701,40.778271000000004,18:33:00
59499,1647,-73.981026,40.769276,2203,-73.96985600000001,40.784611,16:09:00
59519,2160,-73.970947,40.795994,2245,-73.96893299999999,40.790932,18:59:00
59664,782,-73.997551,40.746582000000004,1554,-73.98226899999999,40.736019,18:16:00
59722,1809,-73.977806,40.77179,1809,-73.977806,40.77179,18:27:00
59746,1226,-73.988449,40.723278,2360,-73.96624,40.767952,18:25:00
59786,1647,-73.981026,40.769276,2203,-73.96985600000001,40.784611,18:01:00
60093,607,-74.001465,40.737167,607,-74.001465,40.737167,17:51:00
60133,2386,-73.965324,40.769203000000005,1114,-73.990486,40.771584000000004,18:15:00
60142,438,-74.005112,40.746371999999994,524,-74.003235,40.748974,19:21:00
60204,2233,-73.969124,40.76672,1467,-73.98380999999999,40.740790999999994,18:24:00
60235,1360,-73.985748,40.723007,118,-74.010849,40.708797,16:57:00
60268,1117,-73.990387,40.731289000000004,1639,-73.981155,40.779263,18:34:00
60269,1023,-73.99237099999999,40.768982,2516,-73.961632,40.777,18:41:00
60461,835,-73.9963,40.724663,979,-73.993324,40.733303,18:01:00
60484,2360,-73.96624,40.767952,1667,-73.980675,40.779922,18:08:00
60549,751,-73.998131,40.750854,1667,-73.980675,40.779922,19:25:00
60714,2197,-73.97000899999999,40.799721000000005,1952,-73.975105,40.792709,17:35:00
61061,1932,-73.975464,40.776897,1932,-73.975464,40.776897,19:44:00
61104,365,-74.00643199999999,40.720406,47,-74.013947,40.713795000000005,16:52:00
61145,959,-73.993797,40.720936,599,-74.00165600000001,40.733707,19:11:00
61239,1689,-73.980232,40.785671,2661,-73.958267,40.778908,16:56:00
61260,1667,-73.980675,40.779922,2395,-73.964989,40.806763000000004,19:12:00
61398,524,-74.003235,40.748974,1708,-73.979858,40.790615,16:43:00
61406,1531,-73.98262,40.782387,2702,-73.95744300000001,40.761787,16:41:00
61419,11,-74.016922,40.7048,522,-74.00329599999999,40.728714000000004,17:10:00
61426,1639,-73.981155,40.779263,1893,-73.97623399999999,40.794827000000005,17:18:00
61428,673,-73.999954,40.718018,524,-74.003235,40.748974,17:05:00
61437,2167,-73.970795,40.783352,1754,-73.978844,40.787579,17:56:00
61452,1932,-73.975464,40.776897,3582,-73.939148,40.826626,19:32:00
61474,2277,-73.968109,40.802326,3480,-73.940773,40.802440999999995,18:15:00
61676,1959,-73.974998,40.777534,2383,-73.965446,40.765984,19:09:00
62020,2056,-73.973251,40.795269,2018,-73.97406,40.788986,18:02:00
62066,645,-74.000656,40.722183,1554,-73.98226899999999,40.736019,17:49:00
62198,2923,-73.952309,40.768822,1800,-73.977997,40.725296,19:16:00
62272,1482,-73.983536,40.781128,1708,-73.979858,40.790615,17:00:00
62467,1663,-73.980728,40.78244,2131,-73.971649,40.766144,16:04:00
62684,243,-74.008385,40.714363,1719,-73.979568,40.718758,18:49:00
62749,2062,-73.973145,40.758461,1467,-73.98380999999999,40.740790999999994,18:00:00
62759,1095,-73.990822,40.724274,983,-73.993263,40.72958,18:04:00
62889,1875,-73.976479,40.790828999999995,1667,-73.980675,40.779922,18:45:00
62898,2681,-73.957863,40.782158,2169,-73.970764,40.788422,18:41:00
63006,820,-73.996651,40.747822,674,-73.999939,40.748402,18:03:00
63068,2197,-73.97000899999999,40.799721000000005,1764,-73.978645,40.78582,16:18:00
63117,1777,-73.978386,40.788212,2160,-73.970947,40.795994,16:36:00
63262,259,-74.008209,40.737553000000005,1531,-73.98262,40.782387,19:04:00
63268,2923,-73.952309,40.768822,2923,-73.952309,40.768822,19:17:00
63288,2723,-73.956818,40.780903,2121,-73.97177099999999,40.760342,19:18:00
63377,733,-73.998589,40.717098,1364,-73.985672,40.73822,18:41:00
63379,1529,-73.982658,40.727261,1606,-73.981651,40.714462,18:49:00
63457,2550,-73.960892,40.780876,690,-73.999588,40.731052000000005,17:36:00
63559,51,-74.01374100000001,40.70237,51,-74.01374100000001,40.70237,18:00:00
63653,2567,-73.96041899999999,40.781532,1965,-73.974953,40.790184,18:58:00
64038,2465,-73.962959,40.772453000000006,2307,-73.967606,40.766075,17:35:00
64150,2111,-73.972122,40.745686,999,-73.99284399999999,40.73008,18:33:00
64174,1027,-73.992264,40.734531,1893,-73.97623399999999,40.794827000000005,17:53:00
64447,2465,-73.962959,40.772453000000006,2465,-73.962959,40.772453000000006,19:08:00
64449,2425,-73.964226,40.776309999999995,438,-74.005112,40.746371999999994,18:48:00
64455,1228,-73.988396,40.776516,1708,-73.979858,40.790615,19:10:00
64550,1228,-73.988396,40.776516,2143,-73.97126,40.782719,19:05:00
64600,778,-73.997658,40.720837,1641,-73.981125,40.733242,18:45:00
64622,1985,-73.974648,40.793339,2018,-73.97406,40.788986,18:35:00
64624,2056,-73.973251,40.795269,571,-74.002151,40.728035,18:19:00
64917,2138,-73.97138199999999,40.797832,1364,-73.985672,40.73822,17:47:00
65046,2006,-73.974228,40.7915,2138,-73.97138199999999,40.797832,17:35:00
65251,752,-73.998077,40.764835,611,-74.001419,40.756423999999996,17:02:00
65305,2169,-73.970764,40.788422,1176,-73.989372,40.740589,17:40:00
65388,2339,-73.966835,40.804234,1139,-73.990013,40.772228000000005,16:48:00
65394,525,-74.003159,40.727665,197,-74.009209,40.716187,19:06:00
65485,34,-74.014542,40.717106,281,-74.007858,40.746796,16:42:00
65547,782,-73.997551,40.746582000000004,1007,-73.992699,40.763432,18:56:00
65777,1176,-73.989372,40.740589,690,-73.999588,40.731052000000005,19:45:00
65907,1163,-73.989639,40.776215,2718,-73.956947,40.783417,18:44:00
66015,1011,-73.992622,40.713169,492,-74.00386800000001,40.705791,17:36:00
66373,820,-73.996651,40.747822,732,-73.99859599999999,40.750240000000005,19:58:00
66428,2357,-73.966362,40.764732,1639,-73.981155,40.779263,18:43:00
66623,2357,-73.966362,40.764732,1663,-73.980728,40.78244,19:48:00
66661,1927,-73.97551,40.787003000000006,1196,-73.989029,40.742264,17:22:00
66761,281,-74.007858,40.746796,47,-74.013947,40.713795000000005,17:55:00
66771,1482,-73.983536,40.781128,1902,-73.976021,40.791453999999995,18:03:00
66857,2233,-73.969124,40.76672,1467,-73.98380999999999,40.740790999999994,18:24:00
66880,2339,-73.966835,40.804234,1921,-73.975601,40.789619,19:41:00
66963,34,-74.014542,40.717106,311,-74.007317,40.727329,19:01:00
67160,1921,-73.975601,40.789619,1775,-73.97847,40.785755,16:53:00
67167,826,-73.996475,40.719051,342,-74.00676700000001,40.705624,19:33:00
67204,2365,-73.96611,40.789738,1817,-73.977692,40.792164,19:01:00
67211,2357,-73.966362,40.764732,1998,-73.97447199999999,40.746655,17:50:00
67315,1844,-73.977135,40.726482,2365,-73.96611,40.789738,17:49:00
67345,2425,-73.964226,40.776309999999995,2154,-73.971191,40.766766,18:27:00
67371,2538,-73.96112099999999,40.774986,1711,-73.97976700000001,40.786308,18:42:00
67430,1459,-73.983902,40.783775,1156,-73.989777,40.773792,18:09:00
67513,907,-73.994789,40.731602,419,-74.005386,40.73941,18:42:00
67520,230,-74.008636,40.732642999999996,116,-74.010971,40.716305,18:43:00
67551,2457,-73.963226,40.777676,2233,-73.969124,40.76672,17:32:00
67844,2554,-73.960701,40.778271000000004,2245,-73.96893299999999,40.790932,19:18:00
68030,1807,-73.97782099999999,40.783829,751,-73.998131,40.750854,17:28:00
68091,959,-73.993797,40.720936,1639,-73.981155,40.779263,19:39:00
68155,197,-74.009209,40.716187,34,-74.014542,40.717106,18:20:00
68271,2339,-73.966835,40.804234,3600,-73.93878199999999,40.852345,18:58:00
68360,2718,-73.956947,40.783417,3199,-73.946152,40.795551,18:24:00
68458,3182,-73.946632,40.7766,1844,-73.977135,40.726482,18:28:00
68514,2395,-73.964989,40.806763000000004,2245,-73.96893299999999,40.790932,16:05:00
68684,2272,-73.968292,40.764728999999996,522,-74.00329599999999,40.728714000000004,18:13:00
68715,2718,-73.956947,40.783417,3199,-73.946152,40.795551,18:31:00
68721,835,-73.9963,40.724663,1825,-73.977562,40.725887,18:36:00
68737,669,-74.000099,40.725384000000005,359,-74.006462,40.738754,18:22:00
68824,984,-73.993256,40.722355,1108,-73.990555,40.715794,18:04:00
69156,267,-74.008049,40.739376,1694,-73.980171,40.722282,16:47:00
69414,2307,-73.967606,40.766075,959,-73.993797,40.720936,18:26:00
69492,1706,-73.979904,40.726867999999996,1706,-73.979904,40.726867999999996,16:14:00
69563,1667,-73.980675,40.779922,2105,-73.972229,40.791496,19:55:00
69602,1237,-73.988251,40.71846,576,-74.00209,40.719153999999996,18:37:00
69614,835,-73.9963,40.724663,1694,-73.980171,40.722282,15:37:00
69861,438,-74.005112,40.746371999999994,435,-74.005127,40.735962,17:23:00
70087,999,-73.99284399999999,40.73008,2249,-73.96884200000001,40.785969,19:34:00
70324,984,-73.993256,40.722355,1027,-73.992264,40.734531,18:01:00
70442,1694,-73.980171,40.722282,1694,-73.980171,40.722282,19:00:00
70593,24,-74.015594,40.715546,1442,-73.984261,40.740173,18:56:00
70598,2567,-73.96041899999999,40.781532,1904,-73.975975,40.786365999999994,18:49:00
70646,1228,-73.988396,40.776516,1754,-73.978844,40.787579,17:00:00
70687,1639,-73.981155,40.779263,1875,-73.976479,40.790828999999995,17:03:00
70899,1875,-73.976479,40.790828999999995,1904,-73.975975,40.786365999999994,18:51:00
70910,3995,-73.925873,40.866023999999996,1007,-73.992699,40.763432,19:31:00
70944,3200,-73.946136,40.781307,2696,-73.957565,40.779434,19:22:00
70969,1959,-73.974998,40.777534,2425,-73.964226,40.776309999999995,18:01:00
71049,158,-74.009987,40.705147,1420,-73.98468000000001,40.721728999999996,19:07:00
71090,1764,-73.978645,40.78582,1912,-73.975815,40.795521,17:30:00
71127,3027,-73.949875,40.776196,3027,-73.949875,40.776196,19:46:00
71206,1529,-73.982658,40.727261,3684,-73.937141,40.813419,19:08:00
71244,972,-73.993523,40.72163,503,-74.003716,40.736839,17:31:00
71476,2386,-73.965324,40.769203000000005,2386,-73.965324,40.769203000000005,18:03:00
71622,866,-73.995621,40.755554,959,-73.993797,40.720936,18:23:00
71815,456,-74.004745,40.734660999999996,456,-74.004745,40.734660999999996,17:42:00
71906,2056,-73.973251,40.795269,1850,-73.976952,40.792885,17:57:00
71972,2056,-73.973251,40.795269,1163,-73.989639,40.776215,17:37:00
71992,438,-74.005112,40.746371999999994,1114,-73.990486,40.771584000000004,19:54:00
72087,659,-74.000366,40.723797,34,-74.014542,40.717106,18:38:00
72101,1503,-73.983124,40.734844,1105,-73.990646,40.730614,18:38:00
72144,1959,-73.974998,40.777534,2154,-73.971191,40.766766,18:24:00
72246,674,-73.999939,40.748402,419,-74.005386,40.73941,16:19:00
72419,1100,-73.99073800000001,40.736526,24,-74.015594,40.715546,18:32:00
72420,999,-73.99284399999999,40.73008,2088,-73.972572,40.745067999999996,18:41:00
72453,2807,-73.954819,40.789204,2572,-73.96032,40.773014,18:45:00
72499,2203,-73.96985600000001,40.784611,2636,-73.958809,40.759914,18:37:00
72556,321,-74.00709499999999,40.716,2661,-73.958267,40.778908,18:01:00
72663,3746,-73.935753,40.850165999999994,733,-73.998589,40.717098,18:01:00
72711,181,-74.00954399999999,40.710327,733,-73.998589,40.717098,19:12:00
72761,2538,-73.96112099999999,40.774986,2923,-73.952309,40.768822,20:24:00
72839,2429,-73.964027,40.808083,2006,-73.974228,40.7915,17:35:00
72909,983,-73.993263,40.72958,576,-74.00209,40.719153999999996,19:05:00
72936,1777,-73.978386,40.788212,419,-74.005386,40.73941,17:45:00
72946,2718,-73.956947,40.783417,3199,-73.946152,40.795551,18:26:00
73023,1480,-73.983551,40.734261,983,-73.993263,40.72958,19:55:00
73140,2771,-73.955566,40.785301000000004,3111,-73.948021,40.792984000000004,16:55:00
73187,1364,-73.985672,40.73822,340,-74.006798,40.735721999999996,20:15:00
73494,1971,-73.97489200000001,40.746047999999995,1027,-73.992264,40.734531,19:48:00
73715,2471,-73.962837,40.794205,2880,-73.953011,40.825821000000005,18:02:00
73872,2309,-73.967537,40.771774,1480,-73.983551,40.734261,19:02:00
73973,782,-73.997551,40.746582000000004,1904,-73.975975,40.786365999999994,17:02:00
74029,1125,-73.990273,40.723431,543,-74.002808,40.728367,20:01:00
74215,1105,-73.990646,40.730614,197,-74.009209,40.716187,18:27:00
74247,1114,-73.990486,40.771584000000004,1711,-73.97976700000001,40.786308,19:57:00
74249,2723,-73.956818,40.780903,2307,-73.967606,40.766075,19:57:00
74258,419,-74.005386,40.73941,571,-74.002151,40.728035,18:53:00
74498,831,-73.996376,40.755096,1105,-73.990646,40.730614,18:34:00
74673,659,-74.000366,40.723797,659,-74.000366,40.723797,17:35:00
74703,197,-74.009209,40.716187,959,-73.993797,40.720936,19:09:00
74817,2203,-73.96985600000001,40.784611,1825,-73.977562,40.725887,16:55:00
74869,1232,-73.98833499999999,40.754131,2338,-73.96685,40.769847999999996,17:04:00
74875,1554,-73.98226899999999,40.736019,1554,-73.98226899999999,40.736019,20:28:00
74896,545,-74.002769,40.739326,2582,-73.960121,40.776363,17:28:00
74937,359,-74.006462,40.738754,571,-74.002151,40.728035,19:17:00
75043,2558,-73.96067,40.757362,820,-73.996651,40.747822,16:48:00
75190,777,-73.997681,40.751484000000005,674,-73.999939,40.748402,20:08:00
75496,1196,-73.989029,40.742264,1119,-73.990364,40.729752000000005,17:36:00
75527,2105,-73.972229,40.791496,1482,-73.983536,40.781128,19:41:00
75673,61,-74.013191,40.716499,253,-74.008286,40.750275,17:57:00
75686,1110,-73.99054699999999,40.730571999999995,1472,-73.983643,40.719978000000005,19:50:00
75781,2465,-73.962959,40.772453000000006,2684,-73.957809,40.779537,16:20:00
75869,230,-74.008636,40.732642999999996,1258,-73.987747,40.777901,18:45:00
75912,281,-74.007858,40.746796,2160,-73.970947,40.795994,19:48:00
75954,79,-74.012268,40.701541999999996,840,-73.996239,40.709209,17:38:00
76015,1904,-73.975975,40.786365999999994,2138,-73.97138199999999,40.797832,19:04:00
76101,1902,-73.976021,40.791453999999995,1287,-73.98719,40.770984999999996,17:59:00
76268,1985,-73.974648,40.793339,1482,-73.983536,40.781128,21:08:00
76367,596,-74.00168599999999,40.730579,404,-74.005661,40.726437,19:44:00
76409,2550,-73.960892,40.780876,2550,-73.960892,40.780876,19:43:00
76455,1904,-73.975975,40.786365999999994,2601,-73.95965600000001,40.776996999999994,19:56:00
76706,1196,-73.989029,40.742264,1196,-73.989029,40.742264,18:22:00
76935,1984,-73.974678,40.790874,1452,-73.984055,40.780415000000005,20:41:00
77114,2365,-73.96611,40.789738,2233,-73.969124,40.76672,19:38:00
77282,2516,-73.961632,40.777,2723,-73.956818,40.780903,19:27:00
77316,2338,-73.96685,40.769847999999996,2465,-73.962959,40.772453000000006,19:27:00
77508,2339,-73.966835,40.804234,1924,-73.975563,40.792084,16:16:00
77536,1998,-73.97447199999999,40.746655,949,-73.994034,40.720321999999996,19:11:00
77549,1420,-73.98468000000001,40.721728999999996,79,-74.012268,40.701541999999996,19:48:00
77556,3134,-73.947594,40.771072,2636,-73.958809,40.759914,19:38:00
77583,524,-74.003235,40.748974,1902,-73.976021,40.791453999999995,19:16:00
77645,576,-74.00209,40.719153999999996,2219,-73.969498,40.749214,18:21:00
77799,340,-74.006798,40.735721999999996,340,-74.006798,40.735721999999996,20:02:00
77832,259,-74.008209,40.737553000000005,1927,-73.97551,40.787003000000006,16:45:00
78062,1663,-73.980728,40.78244,2395,-73.964989,40.806763000000004,21:03:00
78145,1232,-73.98833499999999,40.754131,1232,-73.98833499999999,40.754131,17:03:00
78211,2661,-73.958267,40.778908,2582,-73.960121,40.776363,19:21:00
78309,1364,-73.985672,40.73822,1105,-73.990646,40.730614,18:30:00
78437,2006,-73.974228,40.7915,1927,-73.97551,40.787003000000006,21:03:00
78459,503,-74.003716,40.736839,1360,-73.985748,40.723007,17:31:00
78529,205,-74.009003,40.717597999999995,659,-74.000366,40.723797,18:03:00
78532,3182,-73.946632,40.7766,2558,-73.96067,40.757362,18:09:00
78659,959,-73.993797,40.720936,1119,-73.990364,40.729752000000005,18:07:00
78725,835,-73.9963,40.724663,2167,-73.970795,40.783352,17:38:00
78732,1105,-73.990646,40.730614,2160,-73.970947,40.795994,19:21:00
78736,879,-73.995308,40.729774,1105,-73.990646,40.730614,19:41:00
78788,2807,-73.954819,40.789204,3503,-73.940361,40.854061,18:42:00
78838,835,-73.9963,40.724663,267,-74.008049,40.739376,18:23:00
78940,262,-74.00814100000001,40.711998,503,-74.003716,40.736839,17:32:00
79023,1007,-73.992699,40.763432,1947,-73.97522,40.755226,18:08:00
79155,2169,-73.970764,40.788422,1663,-73.980728,40.78244,20:47:00
79237,607,-74.001465,40.737167,607,-74.001465,40.737167,17:43:00
79437,1985,-73.974648,40.793339,999,-73.99284399999999,40.73008,17:57:00
79451,1952,-73.975105,40.792709,1531,-73.98262,40.782387,19:17:00
79466,543,-74.002808,40.728367,230,-74.008636,40.732642999999996,19:51:00
79578,2018,-73.97406,40.788986,2249,-73.96884200000001,40.785969,20:32:00
79606,1531,-73.98262,40.782387,2923,-73.952309,40.768822,19:48:00
79683,2923,-73.952309,40.768822,2923,-73.952309,40.768822,19:00:00
79773,2386,-73.965324,40.769203000000005,2386,-73.965324,40.769203000000005,18:13:00
79783,2572,-73.96032,40.773014,2167,-73.970795,40.783352,17:34:00
79940,1932,-73.975464,40.776897,2681,-73.957863,40.782158,19:17:00
79945,321,-74.00709499999999,40.716,359,-74.006462,40.738754,19:18:00
79971,2554,-73.960701,40.778271000000004,2366,-73.966072,40.773773,21:10:00
80255,2684,-73.957809,40.779537,2309,-73.967537,40.771774,19:05:00
80293,2429,-73.964027,40.808083,1482,-73.983536,40.781128,18:46:00
80300,2923,-73.952309,40.768822,3520,-73.940063,40.789627,17:38:00
80316,2360,-73.96624,40.767952,2088,-73.972572,40.745067999999996,18:24:00
80358,1322,-73.986626,40.725796,2346,-73.96669,40.753124,17:02:00
80606,999,-73.99284399999999,40.73008,3335,-73.943726,40.792873,19:09:00
80693,2923,-73.952309,40.768822,1992,-73.974525,40.737381,19:24:00
80694,1420,-73.98468000000001,40.721728999999996,503,-74.003716,40.736839,19:32:00
80709,2365,-73.96611,40.789738,1730,-73.979301,40.786945,18:57:00
80794,2601,-73.95965600000001,40.776996999999994,1902,-73.976021,40.791453999999995,19:16:00
80887,2855,-73.953621,40.785294,2654,-73.958405,40.775639,19:40:00
80931,2103,-73.97223699999999,40.768856,1114,-73.990486,40.771584000000004,19:59:00
80958,1589,-73.981972,40.77813,1777,-73.978386,40.788212,19:58:00
80976,733,-73.998589,40.717098,576,-74.00209,40.719153999999996,21:09:00
81024,1360,-73.985748,40.723007,1459,-73.983902,40.783775,19:44:00
81156,2316,-73.967377,40.76598,2582,-73.960121,40.776363,18:08:00
81311,686,-73.999634,40.758877000000005,1991,-73.974533,40.778168,19:17:00
81358,2357,-73.966362,40.764732,984,-73.993256,40.722355,18:53:00
81429,1364,-73.985672,40.73822,1529,-73.982658,40.727261,20:20:00
81523,1226,-73.988449,40.723278,2269,-73.968384,40.750744,21:09:00
81599,61,-74.013191,40.716499,3182,-73.946632,40.7766,21:36:00
81654,1667,-73.980675,40.779922,3152,-73.947174,40.796803000000004,18:41:00
81698,2245,-73.96893299999999,40.790932,2126,-73.97168,40.787163,19:53:00
81704,710,-73.999062,40.720043,999,-73.99284399999999,40.73008,19:51:00
81819,2601,-73.95965600000001,40.776996999999994,2465,-73.962959,40.772453000000006,19:25:00
81899,2098,-73.972298,40.796577,1689,-73.980232,40.785671,17:38:00
82243,949,-73.994034,40.720321999999996,1364,-73.985672,40.73822,19:27:00
82307,2558,-73.96067,40.757362,1503,-73.983124,40.734844,19:18:00
82414,2309,-73.967537,40.771774,1484,-73.983521,40.776012,20:20:00
82430,959,-73.993797,40.720936,311,-74.007317,40.727329,20:00:00
82452,2386,-73.965324,40.769203000000005,2855,-73.953621,40.785294,20:07:00
82582,1360,-73.985748,40.723007,267,-74.008049,40.739376,18:48:00
82656,1163,-73.989639,40.776215,2063,-73.973145,40.790240999999995,20:01:00
82731,659,-74.000366,40.723797,9,-74.017014,40.705791,19:51:00
82935,2169,-73.970764,40.788422,2681,-73.957863,40.782158,19:30:00
83068,1261,-73.987724,40.775375,1261,-73.987724,40.775375,17:52:00
83112,2396,-73.964989,40.766605,1484,-73.983521,40.776012,17:36:00
83277,259,-74.008209,40.737553000000005,669,-74.000099,40.725384000000005,16:59:00
83317,2160,-73.970947,40.795994,2098,-73.972298,40.796577,18:57:00
83407,2062,-73.973145,40.758461,404,-74.005661,40.726437,18:39:00
83609,3863,-73.932632,40.856716,3731,-73.936035,40.854915999999996,19:25:00
83667,1777,-73.978386,40.788212,1985,-73.974648,40.793339,18:15:00
84383,1228,-73.988396,40.776516,1984,-73.974678,40.790874,18:50:00
84414,1117,-73.990387,40.731289000000004,1825,-73.977562,40.725887,18:53:00
84487,492,-74.00386800000001,40.705791,79,-74.012268,40.701541999999996,18:34:00
84630,2516,-73.961632,40.777,2681,-73.957863,40.782158,18:01:00
84670,2160,-73.970947,40.795994,1807,-73.97782099999999,40.783829,19:00:00
85074,116,-74.010971,40.716305,659,-74.000366,40.723797,18:59:00
85091,2386,-73.965324,40.769203000000005,2723,-73.956818,40.780903,20:45:00
85120,999,-73.99284399999999,40.73008,576,-74.00209,40.719153999999996,17:40:00
85152,2654,-73.958405,40.775639,2131,-73.971649,40.766144,18:57:00
85216,1364,-73.985672,40.73822,972,-73.993523,40.72163,18:16:00
85272,1647,-73.981026,40.769276,571,-74.002151,40.728035,19:19:00
85368,1364,-73.985672,40.73822,2402,-73.964813,40.753315,20:00:00
85436,782,-73.997551,40.746582000000004,2531,-73.96125,40.816719,17:32:00
85441,3134,-73.947594,40.771072,1804,-73.977875,40.754726,17:38:00
85515,340,-74.006798,40.735721999999996,259,-74.008209,40.737553000000005,19:59:00
85671,1482,-73.983536,40.781128,632,-74.000961,40.757027,19:37:00
85683,2018,-73.97406,40.788986,3940,-73.929817,40.865974,19:40:00
85685,545,-74.002769,40.739326,1776,-73.978424,40.724697,19:43:00
85729,252,-74.00829300000001,40.745449,54,-74.01355699999999,40.715237,18:06:00
85820,1117,-73.990387,40.731289000000004,438,-74.005112,40.746371999999994,19:38:00
85895,2429,-73.964027,40.808083,3731,-73.936035,40.854915999999996,20:21:00
85922,659,-74.000366,40.723797,460,-74.004654,40.747025,19:39:00
86050,1100,-73.99073800000001,40.736526,197,-74.009209,40.716187,17:42:00
86142,47,-74.013947,40.713795000000005,342,-74.00676700000001,40.705624,21:08:00
86273,778,-73.997658,40.720837,181,-74.00954399999999,40.710327,19:40:00
86283,751,-73.998131,40.750854,984,-73.993256,40.722355,20:29:00
86420,3027,-73.949875,40.776196,686,-73.999634,40.758877000000005,19:00:00
86505,1105,-73.990646,40.730614,342,-74.00676700000001,40.705624,21:11:00
86567,1825,-73.977562,40.725887,1694,-73.980171,40.722282,21:42:00
86708,47,-74.013947,40.713795000000005,9,-74.017014,40.705791,20:20:00
87114,1287,-73.98719,40.770984999999996,1484,-73.983521,40.776012,19:03:00
87178,2197,-73.97000899999999,40.799721000000005,1764,-73.978645,40.78582,20:28:00
87212,1589,-73.981972,40.77813,3774,-73.935135,40.853477000000005,20:04:00
87321,1452,-73.984055,40.780415000000005,2088,-73.972572,40.745067999999996,20:28:00
87647,47,-74.013947,40.713795000000005,47,-74.013947,40.713795000000005,20:24:00
87753,340,-74.006798,40.735721999999996,1007,-73.992699,40.763432,19:46:00
87797,1163,-73.989639,40.776215,1764,-73.978645,40.78582,18:48:00
87994,2550,-73.960892,40.780876,1851,-73.976936,40.790199,17:12:00
88139,3133,-73.947601,40.783546,3134,-73.947594,40.771072,22:32:00
88197,243,-74.008385,40.714363,336,-74.00685899999999,40.730228000000004,20:10:00
88242,1777,-73.978386,40.788212,1452,-73.984055,40.780415000000005,19:36:00
88335,34,-74.014542,40.717106,365,-74.00643199999999,40.720406,21:04:00
88421,983,-73.993263,40.72958,983,-73.993263,40.72958,19:24:00
88489,3182,-73.946632,40.7766,3953,-73.929146,40.8531,19:48:00
88548,2718,-73.956947,40.783417,2396,-73.964989,40.766605,21:50:00
88605,2103,-73.97223699999999,40.768856,2103,-73.97223699999999,40.768856,18:12:00
88690,984,-73.993256,40.722355,2737,-73.956528,40.763042,20:03:00
88804,2160,-73.970947,40.795994,2513,-73.961792,40.818024,20:04:00
88978,1322,-73.986626,40.725796,941,-73.994141,40.710556,16:56:00
89383,2360,-73.96624,40.767952,1932,-73.975464,40.776897,18:49:00
89561,3133,-73.947601,40.783546,1484,-73.983521,40.776012,21:54:00
89668,1764,-73.978645,40.78582,2050,-73.973465,40.79789,20:28:00
89689,2538,-73.96112099999999,40.774986,3027,-73.949875,40.776196,22:36:00
89870,596,-74.00168599999999,40.730579,1965,-73.974953,40.790184,18:01:00
89988,730,-73.998611,40.732215999999994,359,-74.006462,40.738754,18:16:00
90107,2429,-73.964027,40.808083,674,-73.999939,40.748402,18:27:00
90115,3182,-73.946632,40.7766,3182,-73.946632,40.7766,20:49:00
90137,1730,-73.979301,40.786945,2366,-73.966072,40.773773,20:44:00
90213,1952,-73.975105,40.792709,3844,-73.933304,40.847412,21:07:00
90294,1777,-73.978386,40.788212,1258,-73.987747,40.777901,20:09:00
90435,54,-74.01355699999999,40.715237,336,-74.00685899999999,40.730228000000004,21:58:00
90496,1023,-73.99237099999999,40.768982,1985,-73.974648,40.793339,17:45:00
90506,2160,-73.970947,40.795994,1904,-73.975975,40.786365999999994,19:29:00
90598,2126,-73.97168,40.787163,3134,-73.947594,40.771072,20:49:00
90739,2339,-73.966835,40.804234,3572,-73.939247,40.828297,20:32:00
90977,3200,-73.946136,40.781307,2771,-73.955566,40.785301000000004,22:44:00
91193,984,-73.993256,40.722355,1825,-73.977562,40.725887,21:14:00
91383,524,-74.003235,40.748974,215,-74.008842,40.727470000000004,23:03:00
91470,907,-73.994789,40.731602,710,-73.999062,40.720043,17:00:00
91474,2138,-73.97138199999999,40.797832,3201,-73.946129,40.803878999999995,16:56:00
91489,2111,-73.972122,40.745686,2160,-73.970947,40.795994,21:35:00
91521,2681,-73.957863,40.782158,2360,-73.96624,40.767952,20:53:00
91556,1689,-73.980232,40.785671,1482,-73.983536,40.781128,20:27:00
91565,2395,-73.964989,40.806763000000004,1730,-73.979301,40.786945,22:34:00
91637,2197,-73.97000899999999,40.799721000000005,2327,-73.96713299999999,40.806847,19:07:00
91643,1667,-73.980675,40.779922,1754,-73.978844,40.787579,19:15:00
91702,456,-74.004745,40.734660999999996,438,-74.005112,40.746371999999994,20:36:00
91741,724,-73.998726,40.764305,116,-74.010971,40.716305,17:40:00
91779,2582,-73.960121,40.776363,2429,-73.964027,40.808083,20:59:00
91878,949,-73.994034,40.720321999999996,1778,-73.978378,40.715149,18:18:00
91884,907,-73.994789,40.731602,2366,-73.966072,40.773773,18:07:00
92078,949,-73.994034,40.720321999999996,1753,-73.97886700000001,40.724087,18:21:00
92104,1921,-73.975601,40.789619,1985,-73.974648,40.793339,19:07:00
92318,927,-73.994362,40.712307,2203,-73.96985600000001,40.784611,21:33:00
92492,911,-73.99470500000001,40.721309999999995,2006,-73.974228,40.7915,22:19:00
92537,1663,-73.980728,40.78244,1991,-73.974533,40.778168,22:34:00
92549,2855,-73.953621,40.785294,3217,-73.945724,40.773621,19:27:00
92555,2516,-73.961632,40.777,2126,-73.97168,40.787163,19:34:00
92556,181,-74.00954399999999,40.710327,778,-73.997658,40.720837,19:29:00
92579,2143,-73.97126,40.782719,2771,-73.955566,40.785301000000004,18:54:00
92581,999,-73.99284399999999,40.73008,503,-74.003716,40.736839,18:43:00
92632,2309,-73.967537,40.771774,281,-74.007858,40.746796,20:02:00
92641,983,-73.993263,40.72958,730,-73.998611,40.732215999999994,21:16:00
92801,1258,-73.987747,40.777901,1689,-73.980232,40.785671,18:19:00
93427,3503,-73.940361,40.854061,2079,-73.972755,40.795947999999996,17:33:00
93478,3027,-73.949875,40.776196,2111,-73.972122,40.745686,20:24:00
93656,1647,-73.981026,40.769276,2143,-73.97126,40.782719,19:45:00
93708,2006,-73.974228,40.7915,336,-74.00685899999999,40.730228000000004,22:31:00
93727,2684,-73.957809,40.779537,1817,-73.977692,40.792164,22:20:00
93899,1932,-73.975464,40.776897,3039,-73.94963100000001,40.79031,22:34:00
93985,820,-73.996651,40.747822,479,-74.00421899999999,40.752604999999996,20:29:00
94004,1647,-73.981026,40.769276,2245,-73.96893299999999,40.790932,19:31:00
94119,778,-73.997658,40.720837,778,-73.997658,40.720837,22:00:00
94194,47,-74.013947,40.713795000000005,479,-74.00421899999999,40.752604999999996,17:24:00
94311,1119,-73.990364,40.729752000000005,659,-74.000366,40.723797,20:15:00
94338,3884,-73.931831,40.846188,3969,-73.928139,40.851859999999995,21:11:00
94363,2167,-73.970795,40.783352,1176,-73.989372,40.740589,17:34:00
94394,311,-74.007317,40.727329,61,-74.013191,40.716499,21:10:00
94415,2249,-73.96884200000001,40.785969,1667,-73.980675,40.779922,18:53:00
94488,1800,-73.977997,40.725296,1442,-73.984261,40.740173,20:46:00
94511,404,-74.005661,40.726437,51,-74.01374100000001,40.70237,22:33:00
94755,1639,-73.981155,40.779263,1904,-73.975975,40.786365999999994,17:58:00
94794,907,-73.994789,40.731602,1777,-73.978386,40.788212,21:37:00
94929,1952,-73.975105,40.792709,2396,-73.964989,40.766605,18:12:00
94990,1851,-73.976936,40.790199,3374,-73.942947,40.843193,22:40:00
95130,2538,-73.96112099999999,40.774986,2723,-73.956818,40.780903,20:54:00
95131,1579,-73.982033,40.770503999999995,2079,-73.972755,40.795947999999996,20:53:00
95167,2360,-73.96624,40.767952,2360,-73.96624,40.767952,17:39:00
95200,460,-74.004654,40.747025,321,-74.00709499999999,40.716,20:06:00
95219,2993,-73.950653,40.805786,2790,-73.955116,40.785927,20:15:00
95512,1800,-73.977997,40.725296,1023,-73.99237099999999,40.768982,21:03:00
95741,2429,-73.964027,40.808083,2429,-73.964027,40.808083,20:04:00
95792,2245,-73.96893299999999,40.790932,2167,-73.970795,40.783352,21:55:00
95799,1228,-73.988396,40.776516,1971,-73.97489200000001,40.746047999999995,20:16:00
95908,2425,-73.964226,40.776309999999995,2790,-73.955116,40.785927,21:55:00
95956,2790,-73.955116,40.785927,2790,-73.955116,40.785927,21:30:00
96008,1776,-73.978424,40.724697,2923,-73.952309,40.768822,23:27:00
96133,2558,-73.96067,40.757362,1125,-73.990273,40.723431,20:06:00
96154,1554,-73.98226899999999,40.736019,1554,-73.98226899999999,40.736019,20:41:00
96177,1258,-73.987747,40.777901,1754,-73.978844,40.787579,21:52:00
96456,2339,-73.966835,40.804234,3728,-73.936104,40.830719,21:18:00
96964,230,-74.008636,40.732642999999996,710,-73.999062,40.720043,20:28:00
97092,545,-74.002769,40.739326,732,-73.99859599999999,40.750240000000005,20:42:00
97190,1105,-73.990646,40.730614,1007,-73.992699,40.763432,22:30:00
97217,1467,-73.98380999999999,40.740790999999994,1117,-73.990387,40.731289000000004,19:34:00
97306,2661,-73.958267,40.778908,2661,-73.958267,40.778908,19:50:00
97376,1503,-73.983124,40.734844,3155,-73.947128,40.771698,20:35:00
97526,11,-74.016922,40.7048,2887,-73.952911,40.76421,19:57:00
97790,2550,-73.960892,40.780876,2169,-73.970764,40.788422,22:56:00
97830,259,-74.008209,40.737553000000005,2056,-73.973251,40.795269,21:55:00
97864,3182,-73.946632,40.7766,2723,-73.956818,40.780903,23:46:00
97928,949,-73.994034,40.720321999999996,197,-74.009209,40.716187,21:57:00
98069,710,-73.999062,40.720043,1125,-73.990273,40.723431,21:52:00
98074,2550,-73.960892,40.780876,2536,-73.961166,40.756679999999996,21:50:00
98428,61,-74.013191,40.716499,35,-74.014488,40.710968,21:05:00
98495,1139,-73.990013,40.772228000000005,3960,-73.92864200000001,40.851177,20:01:00
98524,404,-74.005661,40.726437,359,-74.006462,40.738754,23:47:00
98744,2429,-73.964027,40.808083,2079,-73.972755,40.795947999999996,23:40:00
98925,730,-73.998611,40.732215999999994,1694,-73.980171,40.722282,21:49:00
98995,460,-74.004654,40.747025,1985,-73.974648,40.793339,22:54:00
99095,438,-74.005112,40.746371999999994,340,-74.006798,40.735721999999996,20:57:00
99124,826,-73.996475,40.719051,67,-74.01299300000001,40.709354,20:28:00
99256,2105,-73.972229,40.791496,1984,-73.974678,40.790874,21:17:00
99385,1851,-73.976936,40.790199,690,-73.999588,40.731052000000005,18:10:00
99499,2471,-73.962837,40.794205,2395,-73.964989,40.806763000000004,19:01:00
99569,1921,-73.975601,40.789619,4072,-73.91568000000001,40.868889,20:33:00
99635,404,-74.005661,40.726437,2531,-73.96125,40.816719,21:38:00
99697,1420,-73.98468000000001,40.721728999999996,1641,-73.981125,40.733242,22:02:00
99700,2339,-73.966835,40.804234,3446,-73.941505,40.825171999999995,22:04:00
99725,1360,-73.985748,40.723007,2897,-73.952759,40.805027,22:32:00
99894,47,-74.013947,40.713795000000005,1144,-73.989937,40.711211999999996,21:18:00
99923,1706,-73.979904,40.726867999999996,489,-74.003929,40.720856,22:09:00
100024,3182,-73.946632,40.7766,3182,-73.946632,40.7766,20:40:00
100121,1027,-73.992264,40.734531,1027,-73.992264,40.734531,19:37:00
100212,47,-74.013947,40.713795000000005,47,-74.013947,40.713795000000005,21:10:00
