15,2303,-73.96772,40.802971,1510,-73.983063,40.776638,09:16:00
65,247,-74.008347,40.725914,517,-74.003372,40.72525,02:55:00
256,3048,-73.949455,40.827705,3036,-73.94967700000001,40.802025,12:22:00
284,344,-74.006737,40.730946,982,-73.993263,40.767742,08:42:00
299,985,-73.99324,40.730953,147,-74.01015500000001,40.712063,12:09:00
329,495,-74.00386,40.738396,374,-74.006233,40.723122,08:57:00
457,2349,-73.966576,40.789108,1729,-73.979393,40.791245,13:38:00
475,982,-73.993263,40.767742,512,-74.003525,40.736179,12:21:00
1045,1963,-73.974968,40.748501,1961,-73.974976,40.720169,12:35:00
1111,547,-74.002747,40.707214,147,-74.01015500000001,40.712063,13:38:00
1149,2214,-73.969574,40.797871,1716,-73.979652,40.771156,10:11:00
1398,964,-73.993721,40.767105,150,-74.010101,40.733841,11:25:00
1444,1909,-73.975861,40.747257,1909,-73.975861,40.747257,11:28:00
1459,2438,-73.96386,40.802959,2551,-73.960884,40.774883,09:55:00
1471,1071,-73.99128,40.732445,1032,-73.99221,40.725231,10:05:00
1607,346,-74.006676,40.716534,908,-73.99475100000001,40.727818,12:50:00
1616,2375,-73.96570600000001,40.80043,3494,-73.94052099999999,40.797256,12:56:00
1650,65,-74.013023,40.717247,3441,-73.94156600000001,40.833484999999996,02:39:00
1845,1137,-73.990044,40.721920000000004,1137,-73.990044,40.721920000000004,09:22:00
1887,1190,-73.98909,40.773495000000004,422,-74.005318,40.7286,11:11:00
1973,468,-74.004448,40.722716999999996,713,-73.999031,40.72142,02:54:00
1989,2843,-73.953888,40.79047,2163,-73.970901,40.748363,08:44:00
2039,422,-74.005318,40.7286,1977,-73.97476999999999,40.721619,12:53:00
2296,964,-73.993721,40.767105,469,-74.00444,40.705428999999995,10:59:00
2406,270,-74.008003,40.705448,834,-73.99633,40.717594,13:19:00
2510,2438,-73.96386,40.802959,2780,-73.955368,40.80442,10:03:00
2596,2202,-73.969864,40.794734999999996,2342,-73.966705,40.804176,10:13:00
2710,1190,-73.98909,40.773495000000004,152,-74.010071,40.720757,12:19:00
3065,2215,-73.969574,40.749596000000004,295,-74.007645,40.748160999999996,12:44:00
3130,2375,-73.96570600000001,40.80043,392,-74.005898,40.725025,08:33:00
3183,1729,-73.979393,40.791245,2005,-73.974243,40.796581,12:07:00
3220,2412,-73.964523,40.8074,2349,-73.966576,40.789108,12:03:00
3273,1798,-73.978004,40.786392,2150,-73.971222,40.787791999999996,09:21:00
3564,1950,-73.97513599999999,40.790257000000004,2349,-73.966576,40.789108,10:52:00
3566,3036,-73.94967700000001,40.802025,2623,-73.95920600000001,40.809329999999996,10:49:00
3647,1586,-73.981995,40.769672,526,-74.003151,40.734898,12:29:00
3928,517,-74.003372,40.72525,517,-74.003372,40.72525,13:23:00
3951,2279,-73.968102,40.800545,2279,-73.968102,40.800545,12:53:00
3963,308,-74.00739300000001,40.705181,2588,-73.959923,40.782211,12:44:00
3969,595,-74.001694,40.735535,1918,-73.975693,40.728474,12:47:00
3971,245,-74.008377,40.716587,527,-74.003136,40.731464,12:55:00
4091,56,-74.01349599999999,40.714481,273,-74.007988,40.746094,10:43:00
4094,1914,-73.9758,40.753853,482,-74.004059,40.713135,10:40:00
4168,2592,-73.959816,40.813839,2054,-73.973297,40.792770000000004,08:45:00
4304,922,-73.994469,40.725845,1280,-73.987358,40.730007,14:54:00
4309,177,-74.00966600000001,40.712727,760,-73.997986,40.732944,14:25:00
4331,2054,-73.973297,40.792770000000004,964,-73.993721,40.767105,09:27:00
4404,374,-74.006233,40.723122,1020,-73.992416,40.713188,11:30:00
4412,354,-74.0065,40.732426000000004,859,-73.995811,40.729178999999995,11:45:00
4531,2767,-73.95565,40.782051,2234,-73.969124,40.803562,09:38:00
4722,308,-74.00739300000001,40.705181,245,-74.008377,40.716587,12:38:00
4740,414,-74.005493,40.738754,458,-74.004684,40.73032,11:07:00
4781,1798,-73.978004,40.786392,3563,-73.939362,40.836498,13:30:00
4937,1071,-73.99128,40.732445,512,-74.003525,40.736179,12:36:00
5077,2544,-73.961044,40.80175,3571,-73.939247,40.807655,09:51:00
5130,2444,-73.963684,40.771046000000005,962,-73.99374399999999,40.729008,12:50:00
5154,982,-73.993263,40.767742,122,-74.010773,40.729107,12:17:00
5203,2202,-73.969864,40.794734999999996,2470,-73.962875,40.799236,11:02:00
5227,1950,-73.97513599999999,40.790257000000004,1798,-73.978004,40.786392,11:13:00
5277,2179,-73.970497,40.796634999999995,3717,-73.936363,40.794697,13:12:00
5303,458,-74.004684,40.73032,928,-73.994354,40.719440000000006,13:44:00
5308,1584,-73.98200200000001,40.785591,1729,-73.979393,40.791245,13:47:00
5419,2172,-73.970726,40.767395,485,-74.004028,40.716869,11:52:00
5485,2592,-73.959816,40.813839,2136,-73.971413,40.795361,09:29:00
5575,2016,-73.974068,40.778805,2381,-73.965553,40.768485999999996,12:00:00
5623,380,-74.006088,40.711971000000005,314,-74.00724,40.75383,08:54:00
5648,2369,-73.96590400000001,40.805515,2544,-73.961044,40.80175,10:13:00
5656,3669,-73.937416,40.804375,3669,-73.937416,40.804375,08:50:00
5820,152,-74.010071,40.720757,413,-74.00550799999999,40.709091,14:04:00
5911,2544,-73.961044,40.80175,2546,-73.961037,40.806828,12:56:00
6193,904,-73.994812,40.718456,308,-74.00739300000001,40.705181,08:51:00
6222,458,-74.004684,40.73032,107,-74.011246,40.708304999999996,13:20:00
6238,112,-74.011108,40.715590999999996,2739,-73.95649,40.784042,09:39:00
6253,2179,-73.970497,40.796634999999995,1845,-73.977089,40.792725,10:42:00
6670,1109,-73.990555,40.719177,1458,-73.983917,40.711304,12:51:00
6843,2271,-73.968323,40.799816,1521,-73.982788,40.785027,08:50:00
6984,3003,-73.950439,40.786533,2161,-73.970924,40.798462,09:59:00
7055,414,-74.005493,40.738754,517,-74.003372,40.72525,12:16:00
7137,964,-73.993721,40.767105,422,-74.005318,40.7286,10:47:00
7399,2483,-73.96249399999999,40.773098,2375,-73.96570600000001,40.80043,13:29:00
7587,2271,-73.968323,40.799816,2356,-73.96637,40.804885999999996,09:59:00
7597,255,-74.008255,40.736961,488,-74.003967,40.729877,09:59:00
7666,136,-74.01039899999999,40.718803,354,-74.0065,40.732426000000004,11:50:00
7736,1918,-73.975693,40.728474,72,-74.012833,40.70245,13:38:00
7854,2179,-73.970497,40.796634999999995,2438,-73.96386,40.802959,08:47:00
8185,2332,-73.967033,40.788483,2332,-73.967033,40.788483,09:38:00
8500,2228,-73.969368,40.769271999999994,2080,-73.97273299999999,40.747559,12:38:00
8574,2546,-73.961037,40.806828,3440,-73.94162800000001,40.798615000000005,12:39:00
8636,1709,-73.979843,40.748917,2080,-73.97273299999999,40.747559,11:11:00
8660,702,-73.99929,40.708775,380,-74.006088,40.711971000000005,12:56:00
8683,1968,-73.97493,40.735165,2016,-73.974068,40.778805,12:31:00
8695,147,-74.01015500000001,40.712063,1128,-73.990234,40.718123999999996,13:00:00
8785,1994,-73.974518,40.788361,1604,-73.981689,40.783671999999996,11:07:00
8864,1009,-73.992638,40.71513,1109,-73.990555,40.719177,13:27:00
8937,2202,-73.969864,40.794734999999996,3204,-73.946083,40.821262,13:43:00
8973,2472,-73.96283000000001,40.760784,2262,-73.968498,40.747840999999994,14:06:00
9277,2136,-73.971413,40.795361,2438,-73.96386,40.802959,09:24:00
9346,278,-74.007942,40.714928,373,-74.006248,40.717083,02:30:00
9368,2517,-73.961624,40.756058,618,-74.001312,40.76207,12:24:00
9472,3258,-73.94495400000001,40.775585,2995,-73.95063,40.76683,12:31:00
9502,587,-74.00188399999999,40.719398,122,-74.010773,40.729107,10:35:00
9512,157,-74.009987,40.709804999999996,1290,-73.987167,40.714314,13:40:00
9523,112,-74.011108,40.715590999999996,397,-74.005829,40.733139,14:07:00
9719,502,-74.003731,40.72625,2276,-73.968117,40.80571,13:10:00
9767,928,-73.994354,40.719440000000006,2544,-73.961044,40.80175,11:06:00
9968,2218,-73.969551,40.80035,1463,-73.98384899999999,40.770477,10:03:00
9986,639,-74.000816,40.71693,2915,-73.952507,40.800686,02:38:00
9988,2677,-73.957886,40.761173,896,-73.994934,40.755268,02:54:00
10080,2356,-73.96637,40.804885999999996,2470,-73.962875,40.799236,12:41:00
10154,278,-74.007942,40.714928,651,-74.000534,40.71843,14:23:00
10184,756,-73.998047,40.750977,3328,-73.94381700000001,40.776234,10:29:00
10409,1934,-73.975426,40.747883,1137,-73.990044,40.721920000000004,10:10:00
10455,1950,-73.97513599999999,40.790257000000004,2303,-73.96772,40.802971,08:55:00
10615,1063,-73.991425,40.717419,457,-74.004738,40.724266,12:50:00
10717,2677,-73.957886,40.761173,2129,-73.971664,40.743858,10:07:00
11126,2612,-73.959419,40.776894,2381,-73.965553,40.768485999999996,10:37:00
11202,2677,-73.957886,40.761173,2141,-73.971275,40.744343,10:05:00
11328,651,-74.000534,40.71843,396,-74.005852,40.711681,02:57:00
11408,80,-74.012146,40.708981,1017,-73.99249300000001,40.713867,11:55:00
11539,391,-74.005943,40.719691999999995,2746,-73.956261,40.787224,12:43:00
11623,1673,-73.980591,40.783192,1586,-73.981995,40.769672,09:39:00
11735,70,-74.012878,40.702663,779,-73.997612,40.753948,12:39:00
12074,3669,-73.937416,40.804375,3649,-73.937828,40.788685,13:02:00
12261,270,-74.008003,40.705448,1345,-73.98616,40.720745,13:31:00
12613,2412,-73.964523,40.8074,2054,-73.973297,40.792770000000004,10:49:00
12658,568,-74.002205,40.721621999999996,713,-73.999031,40.72142,10:36:00
12659,1276,-73.98745,40.778572,1604,-73.981689,40.783671999999996,10:38:00
12800,2784,-73.955276,40.799034000000006,2371,-73.965874,40.808857,08:02:00
12804,1384,-73.98524499999999,40.733371999999996,2391,-73.96521,40.801105,12:21:00
12962,186,-74.00946,40.704544,153,-74.01004,40.734543,12:36:00
13128,294,-74.00766800000001,40.725193,245,-74.008377,40.716587,13:42:00
13293,177,-74.00966600000001,40.712727,466,-74.004532,40.716286,13:33:00
13321,270,-74.008003,40.705448,1137,-73.990044,40.721920000000004,12:00:00
13353,568,-74.002205,40.721621999999996,517,-74.003372,40.72525,11:03:00
13545,2369,-73.96590400000001,40.805515,2180,-73.970467,40.799088,13:34:00
13547,1564,-73.982208,40.777969,2349,-73.966576,40.789108,13:28:00
13640,65,-74.013023,40.717247,258,-74.008209,40.730343,12:33:00
13993,2958,-73.95150799999999,40.812008,2172,-73.970726,40.767395,10:02:00
14011,2861,-73.953438,40.791084000000005,295,-74.007645,40.748160999999996,06:56:00
14127,2454,-73.963364,40.798565,2218,-73.969551,40.80035,10:11:00
14186,562,-74.00235,40.726498,1573,-73.982086,40.773006,13:02:00
14533,1994,-73.974518,40.788361,2507,-73.96195999999999,40.797981,13:22:00
14650,399,-74.005775,40.717678,283,-74.00782,40.751713,13:27:00
14679,608,-74.00145,40.721252,273,-74.007988,40.746094,11:28:00
14733,344,-74.006737,40.730946,233,-74.00856800000001,40.744040999999996,12:46:00
14766,1673,-73.980591,40.783192,541,-74.002815,40.730911,09:51:00
14942,55,-74.01351899999999,40.706944,273,-74.007988,40.746094,10:52:00
14988,104,-74.011353,40.714909000000006,458,-74.004684,40.73032,13:35:00
15276,2303,-73.96772,40.802971,3761,-73.935425,40.831707,12:51:00
15401,1950,-73.97513599999999,40.790257000000004,2302,-73.96772,40.805454,14:11:00
15702,196,-74.009209,40.729706,417,-74.005424,40.727878999999994,10:10:00
15837,896,-73.994934,40.755268,896,-73.994934,40.755268,14:12:00
15875,3395,-73.942436,40.790627,1250,-73.987923,40.779598,14:03:00
15971,294,-74.00766800000001,40.725193,760,-73.997986,40.732944,13:07:00
16138,2264,-73.968475,40.791565000000006,1994,-73.974518,40.788361,13:35:00
16198,2054,-73.973297,40.792770000000004,1250,-73.987923,40.779598,14:58:00
16352,1203,-73.988853,40.777573,458,-74.004684,40.73032,14:28:00
16379,1564,-73.982208,40.777969,2378,-73.96566800000001,40.790359,13:47:00
16509,1190,-73.98909,40.773495000000004,2180,-73.970467,40.799088,15:10:00
16599,2378,-73.96566800000001,40.790359,2438,-73.96386,40.802959,10:54:00
16605,1063,-73.991425,40.717419,107,-74.011246,40.708304999999996,14:20:00
16609,1213,-73.988647,40.742813,772,-73.997765,40.716812,13:25:00
16631,1131,-73.990204,40.71405,1131,-73.990204,40.71405,13:39:00
16779,1994,-73.974518,40.788361,2179,-73.970497,40.796634999999995,10:59:00
16913,2031,-73.97377,40.79213,2320,-73.96727800000001,40.803631,14:23:00
16956,173,-74.009743,40.702145,300,-74.007545,40.715431,13:52:00
17165,3244,-73.945267,40.774254,3244,-73.945267,40.774254,13:07:00
17202,2058,-73.97316,40.740303000000004,1968,-73.97493,40.735165,12:22:00
17350,2214,-73.969574,40.797871,3494,-73.94052099999999,40.797256,15:27:00
17504,3244,-73.945267,40.774254,2373,-73.96578199999999,40.768581,13:45:00
17643,2861,-73.953438,40.791084000000005,1190,-73.98909,40.773495000000004,11:26:00
17688,2320,-73.96727800000001,40.803631,1961,-73.974976,40.720169,13:14:00
17760,1934,-73.975426,40.747883,1934,-73.975426,40.747883,15:48:00
17775,830,-73.99638399999999,40.70977,413,-74.00550799999999,40.709091,10:07:00
17787,403,-74.005684,40.737553000000005,403,-74.005684,40.737553000000005,10:05:00
17967,3003,-73.950439,40.786533,1845,-73.977089,40.792725,12:26:00
18200,3669,-73.937416,40.804375,3391,-73.94250500000001,40.828037,14:09:00
18366,2356,-73.96637,40.804885999999996,1584,-73.98200200000001,40.785591,14:04:00
18422,964,-73.993721,40.767105,1203,-73.988853,40.777573,11:11:00
18511,1131,-73.990204,40.71405,547,-74.002747,40.707214,14:27:00
18581,104,-74.011353,40.714909000000006,270,-74.008003,40.705448,13:29:00
18648,485,-74.004028,40.716869,485,-74.004028,40.716869,14:21:00
18704,1329,-73.98653399999999,40.737049,1894,-73.976212,40.725327,14:18:00
18733,1994,-73.974518,40.788361,2164,-73.97085600000001,40.793377,13:35:00
18929,2592,-73.959816,40.813839,2179,-73.970497,40.796634999999995,11:06:00
18964,867,-73.99559,40.728195,867,-73.99559,40.728195,12:37:00
19140,403,-74.005684,40.737553000000005,495,-74.00386,40.738396,13:18:00
19316,728,-73.998657,40.755253,728,-73.998657,40.755253,15:51:00
19355,263,-74.008125,40.704674,1914,-73.9758,40.753853,15:30:00
19364,2016,-73.974068,40.778805,3440,-73.94162800000001,40.798615000000005,14:09:00
19418,2588,-73.959923,40.782211,2381,-73.965553,40.768485999999996,14:33:00
19445,2843,-73.953888,40.79047,1994,-73.974518,40.788361,12:45:00
19476,80,-74.012146,40.708981,971,-73.993561,40.772888,12:21:00
19490,417,-74.005424,40.727878999999994,864,-73.995689,40.718773,15:40:00
19571,1379,-73.985321,40.720490000000005,1520,-73.982803,40.719722999999995,13:00:00
19696,112,-74.011108,40.715590999999996,482,-74.004059,40.713135,11:18:00
19884,723,-73.99874100000001,40.760104999999996,779,-73.997612,40.753948,13:49:00
20311,2271,-73.968323,40.799816,1950,-73.97513599999999,40.790257000000004,10:20:00
20339,964,-73.993721,40.767105,468,-74.004448,40.722716999999996,14:26:00
20367,380,-74.006088,40.711971000000005,1485,-73.98344399999999,40.722019,10:55:00
20609,1564,-73.982208,40.777969,2172,-73.970726,40.767395,15:05:00
20686,2342,-73.966705,40.804176,3047,-73.949455,40.822681,14:45:00
20697,109,-74.01123,40.710365,651,-74.000534,40.71843,14:14:00
20742,285,-74.007805,40.709091,2008,-73.974197,40.793964,12:41:00
20783,2161,-73.970924,40.798462,417,-74.005424,40.727878999999994,10:02:00
21097,2054,-73.973297,40.792770000000004,1950,-73.97513599999999,40.790257000000004,15:14:00
21140,363,-74.00643199999999,40.721813,176,-74.009682,40.714946999999995,13:36:00
21186,971,-73.993561,40.772888,971,-73.993561,40.772888,15:42:00
21223,2179,-73.970497,40.796634999999995,2746,-73.956261,40.787224,14:12:00
21633,507,-74.003639,40.713642,147,-74.01015500000001,40.712063,13:31:00
21877,196,-74.009209,40.729706,964,-73.993721,40.767105,10:54:00
21926,3036,-73.94967700000001,40.802025,3669,-73.937416,40.804375,11:05:00
21967,1934,-73.975426,40.747883,1934,-73.975426,40.747883,15:33:00
22339,2356,-73.96637,40.804885999999996,3267,-73.944817,40.826572,16:16:00
22344,2179,-73.970497,40.796634999999995,2150,-73.971222,40.787791999999996,16:25:00
22561,2470,-73.962875,40.799236,3593,-73.93890400000001,40.805004,14:24:00
22583,1009,-73.992638,40.71513,1130,-73.990211,40.731995,14:27:00
22706,3682,-73.937218,40.824188,3375,-73.94294000000001,40.789932,15:28:00
22928,425,-74.00529499999999,40.721767,272,-74.008003,40.723282,10:53:00
23179,3243,-73.945274,40.775146,2373,-73.96578199999999,40.768581,14:31:00
23186,2378,-73.96566800000001,40.790359,2391,-73.96521,40.801105,15:39:00
23242,3593,-73.93890400000001,40.805004,2592,-73.959816,40.813839,10:18:00
23333,587,-74.00188399999999,40.719398,904,-73.994812,40.718456,14:24:00
23458,2161,-73.970924,40.798462,2521,-73.96154,40.806133,13:24:00
23497,2163,-73.970901,40.748363,2163,-73.970901,40.748363,11:04:00
23513,728,-73.998657,40.755253,177,-74.00966600000001,40.712727,15:08:00
23528,1091,-73.990936,40.77095,1091,-73.990936,40.77095,15:24:00
23817,2150,-73.971222,40.787791999999996,1673,-73.980591,40.783192,14:57:00
23976,2812,-73.95465899999999,40.786545000000004,2958,-73.95150799999999,40.812008,13:03:00
24124,65,-74.013023,40.717247,246,-74.00836899999999,40.735504,15:13:00
24211,2342,-73.966705,40.804176,1521,-73.982788,40.785027,14:05:00
24215,346,-74.006676,40.716534,2693,-73.957634,40.785343,14:02:00
24218,413,-74.00550799999999,40.709091,1063,-73.991425,40.717419,14:10:00
24270,2136,-73.971413,40.795361,2016,-73.974068,40.778805,11:10:00
24307,2438,-73.96386,40.802959,2329,-73.967049,40.807487,14:58:00
24402,654,-74.000496,40.729988,760,-73.997986,40.732944,15:39:00
24707,1306,-73.986862,40.754318,654,-74.000496,40.729988,14:10:00
24930,273,-74.007988,40.746094,567,-74.00222,40.720341,13:38:00
24938,246,-74.00836899999999,40.735504,760,-73.997986,40.732944,13:33:00
25084,899,-73.994896,40.715813,1133,-73.990128,40.713383,15:05:00
25193,2454,-73.963364,40.798565,134,-74.010452,40.722858,14:07:00
25451,1510,-73.983063,40.776638,2084,-73.972687,40.790867,11:02:00
25484,3440,-73.94162800000001,40.798615000000005,2780,-73.955368,40.80442,11:43:00
25524,2588,-73.959923,40.782211,2289,-73.967995,40.771149,15:54:00
25747,1071,-73.99128,40.732445,772,-73.997765,40.716812,10:05:00
26079,1564,-73.982208,40.777969,3566,-73.939323,40.813457,13:38:00
26230,1751,-73.97893499999999,40.785121999999994,3717,-73.936363,40.794697,11:14:00
26306,867,-73.99559,40.728195,245,-74.008377,40.716587,13:08:00
26310,2438,-73.96386,40.802959,1729,-73.979393,40.791245,13:08:00
26342,2179,-73.970497,40.796634999999995,2861,-73.953438,40.791084000000005,11:04:00
26390,562,-74.00235,40.726498,176,-74.009682,40.714946999999995,13:55:00
26444,1130,-73.990211,40.731995,2812,-73.95465899999999,40.786545000000004,13:36:00
26621,2180,-73.970467,40.799088,1845,-73.977089,40.792725,11:13:00
26640,1168,-73.989548,40.772865,756,-73.998047,40.750977,14:56:00
26699,2470,-73.962875,40.799236,2369,-73.96590400000001,40.805515,14:38:00
26734,2356,-73.96637,40.804885999999996,2462,-73.963066,40.810936,11:13:00
26787,1564,-73.982208,40.777969,3000,-73.95049300000001,40.82312,14:05:00
26789,2592,-73.959816,40.813839,1586,-73.981995,40.769672,13:59:00
26913,609,-74.001427,40.751446,160,-74.00997199999999,40.735291,14:46:00
27090,2214,-73.969574,40.797871,1521,-73.982788,40.785027,13:44:00
27284,2378,-73.96566800000001,40.790359,1798,-73.978004,40.786392,13:51:00
27359,112,-74.011108,40.715590999999996,429,-74.005211,40.720627,11:11:00
27366,417,-74.005424,40.727878999999994,246,-74.00836899999999,40.735504,15:09:00
27397,2521,-73.96154,40.806133,454,-74.004768,40.75687,13:15:00
27404,1915,-73.97573100000001,40.716175,2665,-73.958229,40.75951,15:33:00
27471,2080,-73.97273299999999,40.747559,1375,-73.98539,40.737331,14:11:00
27481,2228,-73.969368,40.769271999999994,1604,-73.981689,40.783671999999996,13:30:00
27914,1852,-73.976913,40.77491,1852,-73.976913,40.77491,09:20:00
27974,482,-74.004059,40.713135,249,-74.008324,40.703812,15:18:00
28199,985,-73.99324,40.730953,104,-74.011353,40.714909000000006,13:24:00
28233,1918,-73.975693,40.728474,1384,-73.98524499999999,40.733371999999996,11:12:00
28304,1190,-73.98909,40.773495000000004,401,-74.005707,40.731628,13:10:00
28315,502,-74.003731,40.72625,1375,-73.98539,40.737331,15:37:00
28368,2861,-73.953438,40.791084000000005,2693,-73.957634,40.785343,15:14:00
28509,1798,-73.978004,40.786392,1994,-73.974518,40.788361,14:09:00
28538,466,-74.004532,40.716286,723,-73.99874100000001,40.760104999999996,15:24:00
28820,2084,-73.972687,40.790867,2462,-73.963066,40.810936,13:53:00
28915,3368,-73.943069,40.840195,3368,-73.943069,40.840195,13:52:00
29029,2369,-73.96590400000001,40.805515,2644,-73.958557,40.7841,15:39:00
29076,2885,-73.952919,40.807781,3295,-73.94433599999999,40.779724,16:09:00
29083,392,-74.005898,40.725025,392,-74.005898,40.725025,11:40:00
29315,1306,-73.986862,40.754318,731,-73.998604,40.729687,14:04:00
29790,152,-74.010071,40.720757,1662,-73.980743,40.747704,16:04:00
29806,2172,-73.970726,40.767395,417,-74.005424,40.727878999999994,15:40:00
29878,425,-74.00529499999999,40.721767,157,-74.009987,40.709804999999996,15:38:00
30199,2303,-73.96772,40.802971,3006,-73.950363,40.821438,13:02:00
30253,466,-74.004532,40.716286,1137,-73.990044,40.721920000000004,14:35:00
30318,278,-74.007942,40.714928,1379,-73.985321,40.720490000000005,15:15:00
30565,278,-74.007942,40.714928,1379,-73.985321,40.720490000000005,15:46:00
30618,1203,-73.988853,40.777573,414,-74.005493,40.738754,16:17:00
30678,2472,-73.96283000000001,40.760784,2472,-73.96283000000001,40.760784,14:31:00
30771,2054,-73.973297,40.792770000000004,2180,-73.970467,40.799088,13:34:00
30993,2861,-73.953438,40.791084000000005,1716,-73.979652,40.771156,13:31:00
31024,1716,-73.979652,40.771156,583,-74.00194499999999,40.736416,15:28:00
31144,625,-74.001129,40.724167,176,-74.009682,40.714946999999995,14:28:00
31159,22,-74.01576999999999,40.71767,1009,-73.992638,40.71513,15:43:00
31459,2812,-73.95465899999999,40.786545000000004,2812,-73.95465899999999,40.786545000000004,13:58:00
31493,396,-74.005852,40.711681,2012,-73.974129,40.73138,16:16:00
31547,2136,-73.971413,40.795361,2986,-73.950859,40.828297,15:50:00
31810,756,-73.998047,40.750977,397,-74.005829,40.733139,13:59:00
31879,458,-74.004684,40.73032,498,-74.00383000000001,40.72345,16:05:00
31920,2320,-73.96727800000001,40.803631,2054,-73.973297,40.792770000000004,14:18:00
31988,346,-74.006676,40.716534,2438,-73.96386,40.802959,16:18:00
32006,308,-74.00739300000001,40.705181,493,-74.00386800000001,40.737545000000004,16:00:00
32091,2279,-73.968102,40.800545,2150,-73.971222,40.787791999999996,14:27:00
32136,1063,-73.991425,40.717419,1810,-73.977791,40.721275,14:36:00
32363,273,-74.007988,40.746094,867,-73.99559,40.728195,15:59:00
32459,283,-74.00782,40.751713,209,-74.008965,40.726746,15:53:00
32630,521,-74.00329599999999,40.731743,608,-74.00145,40.721252,15:55:00
32638,1071,-73.99128,40.732445,1071,-73.99128,40.732445,16:00:00
32715,1661,-73.980766,40.725685,2665,-73.958229,40.75951,15:01:00
32821,263,-74.008125,40.704674,568,-74.002205,40.721621999999996,14:41:00
33159,458,-74.004684,40.73032,363,-74.00643199999999,40.721813,15:34:00
33312,300,-74.007545,40.715431,562,-74.00235,40.726498,11:46:00
33386,273,-74.007988,40.746094,258,-74.008209,40.730343,14:36:00
33604,2369,-73.96590400000001,40.805515,1845,-73.977089,40.792725,14:55:00
33619,385,-74.00601999999999,40.706142,1017,-73.99249300000001,40.713867,15:06:00
33693,2500,-73.962036,40.755421000000005,2500,-73.962036,40.755421000000005,13:32:00
33868,300,-74.007545,40.715431,1032,-73.99221,40.725231,14:05:00
33955,1190,-73.98909,40.773495000000004,779,-73.997612,40.753948,15:03:00
34028,2412,-73.964523,40.8074,2016,-73.974068,40.778805,16:19:00
34047,1994,-73.974518,40.788361,3682,-73.937218,40.824188,16:15:00
34120,1673,-73.980591,40.783192,1948,-73.975166,40.724876,14:16:00
34167,590,-74.001808,40.732948,421,-74.005325,40.718272999999996,15:24:00
34200,245,-74.008377,40.716587,495,-74.00386,40.738396,13:28:00
34446,1084,-73.991035,40.72403,65,-74.013023,40.717247,15:17:00
34476,381,-74.006073,40.709919,352,-74.006584,40.715767,15:25:00
34753,1250,-73.987923,40.779598,2373,-73.96578199999999,40.768581,14:42:00
34781,2228,-73.969368,40.769271999999994,2349,-73.966576,40.789108,15:55:00
34953,2665,-73.958229,40.75951,2378,-73.96566800000001,40.790359,15:50:00
34979,2843,-73.953888,40.79047,2202,-73.969864,40.794734999999996,15:55:00
35044,385,-74.00601999999999,40.706142,834,-73.99633,40.717594,13:41:00
35074,425,-74.00529499999999,40.721767,416,-74.005463,40.732449,15:07:00
35082,177,-74.00966600000001,40.712727,160,-74.00997199999999,40.735291,14:54:00
35709,466,-74.004532,40.716286,104,-74.011353,40.714909000000006,15:20:00
35944,450,-74.004829,40.70966,641,-74.000725,40.735928,15:33:00
36007,373,-74.006248,40.717083,482,-74.004059,40.713135,13:13:00
36194,64,-74.01308399999999,40.709148,153,-74.01004,40.734543,12:33:00
36203,430,-74.00520300000001,40.705996999999996,1477,-73.98362,40.716114000000005,12:42:00
36409,1189,-73.989113,40.720306,399,-74.005775,40.717678,13:58:00
36459,381,-74.006073,40.709919,1314,-73.98674,40.711535999999995,13:05:00
36517,422,-74.005318,40.7286,618,-74.001312,40.76207,17:36:00
36573,399,-74.005775,40.717678,527,-74.003136,40.731464,14:10:00
36598,300,-74.007545,40.715431,1963,-73.974968,40.748501,13:45:00
36638,457,-74.004738,40.724266,22,-74.01576999999999,40.71767,15:45:00
36945,295,-74.007645,40.748160999999996,112,-74.011108,40.715590999999996,14:26:00
37022,177,-74.00966600000001,40.712727,935,-73.994232,40.771477000000004,13:40:00
37105,177,-74.00966600000001,40.712727,864,-73.995689,40.718773,13:55:00
37112,3395,-73.942436,40.790627,2349,-73.966576,40.789108,13:48:00
37254,2412,-73.964523,40.8074,3622,-73.938377,40.853539000000005,13:54:00
37283,1306,-73.986862,40.754318,3440,-73.94162800000001,40.798615000000005,15:43:00
37447,255,-74.008255,40.736961,335,-74.006866,40.75452,14:28:00
37636,3669,-73.937416,40.804375,2965,-73.951324,40.827678999999996,13:11:00
37821,247,-74.008347,40.725914,312,-74.00729399999999,40.75309,15:56:00
37822,2843,-73.953888,40.79047,502,-74.003731,40.72625,15:52:00
37837,896,-73.994934,40.755268,152,-74.010071,40.720757,14:55:00
37888,1084,-73.991035,40.72403,908,-73.99475100000001,40.727818,15:25:00
38147,1751,-73.97893499999999,40.785121999999994,2150,-73.971222,40.787791999999996,16:22:00
38215,568,-74.002205,40.721621999999996,1063,-73.991425,40.717419,15:25:00
38263,297,-74.00762900000001,40.723495,495,-74.00386,40.738396,17:14:00
38320,2369,-73.96590400000001,40.805515,4063,-73.916969,40.870148,14:50:00
38550,1264,-73.98764,40.751419,766,-73.997849,40.754562,13:53:00
38587,414,-74.005493,40.738754,517,-74.003372,40.72525,16:23:00
38630,651,-74.000534,40.71843,159,-74.009987,40.701828000000006,14:37:00
38690,3071,-73.948921,40.796726,1845,-73.977089,40.792725,14:31:00
38691,3258,-73.94495400000001,40.775585,3258,-73.94495400000001,40.775585,14:35:00
38733,962,-73.99374399999999,40.729008,285,-74.007805,40.709091,14:11:00
38744,2202,-73.969864,40.794734999999996,1950,-73.97513599999999,40.790257000000004,16:34:00
39046,2303,-73.96772,40.802971,2369,-73.96590400000001,40.805515,14:05:00
39074,255,-74.008255,40.736961,194,-74.00923900000001,40.715519,14:11:00
39078,702,-73.99929,40.708775,426,-74.00529499999999,40.740025,13:22:00
39492,482,-74.004059,40.713135,1709,-73.979843,40.748917,14:48:00
39651,899,-73.994896,40.715813,212,-74.008896,40.709045,15:06:00
39692,186,-74.00946,40.704544,2806,-73.954826,40.824127000000004,14:47:00
39852,676,-73.99987,40.720432,107,-74.011246,40.708304999999996,15:14:00
40079,3036,-73.94967700000001,40.802025,1961,-73.974976,40.720169,14:02:00
40087,1994,-73.974518,40.788361,1994,-73.974518,40.788361,14:38:00
40136,1948,-73.975166,40.724876,1458,-73.983917,40.711304,15:15:00
40182,186,-74.00946,40.704544,426,-74.00529499999999,40.740025,13:49:00
40464,363,-74.00643199999999,40.721813,363,-74.00643199999999,40.721813,15:25:00
40630,104,-74.011353,40.714909000000006,1019,-73.992455,40.711754,16:29:00
40740,517,-74.003372,40.72525,517,-74.003372,40.72525,13:33:00
40779,2861,-73.953438,40.791084000000005,2329,-73.967049,40.807487,14:12:00
40987,414,-74.005493,40.738754,641,-74.000725,40.735928,15:24:00
40998,2369,-73.96590400000001,40.805515,2780,-73.955368,40.80442,15:25:00
41001,2253,-73.968674,40.799141,1289,-73.987167,40.779243,15:23:00
41260,485,-74.004028,40.716869,397,-74.005829,40.733139,15:17:00
41433,568,-74.002205,40.721621999999996,660,-74.000359,40.733973999999996,15:54:00
41757,2644,-73.958557,40.7841,2746,-73.956261,40.787224,15:15:00
41961,1063,-73.991425,40.717419,728,-73.998657,40.755253,15:11:00
42037,2551,-73.960884,40.774883,2951,-73.95172099999999,40.787903,16:03:00
42320,2375,-73.96570600000001,40.80043,2588,-73.959923,40.782211,14:50:00
42400,756,-73.998047,40.750977,2521,-73.96154,40.806133,14:47:00
42516,2012,-73.974129,40.73138,3340,-73.943611,40.798553000000005,15:47:00
42531,868,-73.99556,40.730717,292,-74.00766800000001,40.747828999999996,15:51:00
42693,273,-74.007988,40.746094,540,-74.002945,40.731136,15:46:00
42903,2136,-73.971413,40.795361,1950,-73.97513599999999,40.790257000000004,12:49:00
42988,1564,-73.982208,40.777969,2759,-73.955887,40.808803999999995,15:52:00
43042,373,-74.006248,40.717083,488,-74.003967,40.729877,14:59:00
43083,562,-74.00235,40.726498,107,-74.011246,40.708304999999996,16:08:00
43124,2151,-73.971222,40.746922,1564,-73.982208,40.777969,17:04:00
43135,1032,-73.99221,40.725231,517,-74.003372,40.72525,17:10:00
43180,2156,-73.971008,40.800964,2463,-73.963013,40.812626,14:44:00
43250,2746,-73.956261,40.787224,2454,-73.963364,40.798565,14:39:00
43304,1915,-73.97573100000001,40.716175,1915,-73.97573100000001,40.716175,15:28:00
43322,1559,-73.982239,40.777153000000006,55,-74.01351899999999,40.706944,16:28:00
43420,1276,-73.98745,40.778572,2342,-73.966705,40.804176,14:53:00
43436,3368,-73.943069,40.840195,2369,-73.96590400000001,40.805515,13:56:00
43503,854,-73.99588,40.724403,540,-74.002945,40.731136,16:02:00
43507,3340,-73.943611,40.798553000000005,3340,-73.943611,40.798553000000005,16:08:00
43730,294,-74.00766800000001,40.725193,595,-74.001694,40.735535,16:03:00
43738,2094,-73.972427,40.74181,422,-74.005318,40.7286,14:55:00
43962,392,-74.005898,40.725025,176,-74.009682,40.714946999999995,12:54:00
44000,122,-74.010773,40.729107,122,-74.010773,40.729107,17:10:00
44196,399,-74.005775,40.717678,426,-74.00529499999999,40.740025,14:40:00
44220,1329,-73.98653399999999,40.737049,595,-74.001694,40.735535,18:20:00
44320,1852,-73.976913,40.77491,1312,-73.98679399999999,40.780712,16:36:00
44336,2871,-73.953171,40.822617,112,-74.011108,40.715590999999996,15:32:00
44337,2349,-73.966576,40.789108,3352,-73.943359,40.776863,15:50:00
44595,399,-74.005775,40.717678,416,-74.005463,40.732449,15:18:00
44726,1950,-73.97513599999999,40.790257000000004,1751,-73.97893499999999,40.785121999999994,17:20:00
44831,2271,-73.968323,40.799816,246,-74.00836899999999,40.735504,16:13:00
44856,177,-74.00966600000001,40.712727,363,-74.00643199999999,40.721813,14:17:00
44961,2202,-73.969864,40.794734999999996,2470,-73.962875,40.799236,12:52:00
45078,2180,-73.970467,40.799088,3904,-73.931366,40.79517,13:52:00
45447,3375,-73.94294000000001,40.789932,3328,-73.94381700000001,40.776234,16:39:00
45491,2214,-73.969574,40.797871,2373,-73.96578199999999,40.768581,17:03:00
45514,314,-74.00724,40.75383,1510,-73.983063,40.776638,16:02:00
45728,457,-74.004738,40.724266,457,-74.004738,40.724266,18:20:00
45808,2349,-73.966576,40.789108,2349,-73.966576,40.789108,18:26:00
45852,2644,-73.958557,40.7841,2016,-73.974068,40.778805,16:37:00
45916,426,-74.00529499999999,40.740025,385,-74.00601999999999,40.706142,16:10:00
45933,2218,-73.969551,40.80035,2031,-73.97377,40.79213,16:27:00
45990,429,-74.005211,40.720627,109,-74.01123,40.710365,16:05:00
46094,1071,-73.99128,40.732445,246,-74.00836899999999,40.735504,18:46:00
46716,3146,-73.947281,40.770943,2746,-73.956261,40.787224,17:15:00
46952,1190,-73.98909,40.773495000000004,723,-73.99874100000001,40.760104999999996,18:17:00
46988,403,-74.005684,40.737553000000005,65,-74.013023,40.717247,11:42:00
47063,308,-74.00739300000001,40.705181,141,-74.010231,40.732414,14:27:00
47089,457,-74.004738,40.724266,273,-74.007988,40.746094,16:42:00
47094,2775,-73.955444,40.814484,2031,-73.97377,40.79213,16:50:00
47133,608,-74.00145,40.721252,152,-74.010071,40.720757,15:30:00
47273,517,-74.003372,40.72525,676,-73.99987,40.720432,14:01:00
47751,2611,-73.959473,40.782833000000004,2412,-73.964523,40.8074,16:07:00
47904,104,-74.011353,40.714909000000006,568,-74.002205,40.721621999999996,16:09:00
47952,867,-73.99559,40.728195,247,-74.008347,40.725914,18:20:00
48052,2180,-73.970467,40.799088,1250,-73.987923,40.779598,14:47:00
48134,3258,-73.94495400000001,40.775585,2483,-73.96249399999999,40.773098,16:00:00
48177,263,-74.008125,40.704674,56,-74.01349599999999,40.714481,17:13:00
48184,2592,-73.959816,40.813839,3036,-73.94967700000001,40.802025,17:11:00
48213,918,-73.994545,40.729403999999995,397,-74.005829,40.733139,17:20:00
48453,2391,-73.96521,40.801105,2084,-73.972687,40.790867,16:27:00
48527,2861,-73.953438,40.791084000000005,2598,-73.959724,40.758663,14:39:00
48532,1130,-73.990211,40.731995,246,-74.00836899999999,40.735504,14:44:00
48575,2369,-73.96590400000001,40.805515,2031,-73.97377,40.79213,16:50:00
48653,245,-74.008377,40.716587,308,-74.00739300000001,40.705181,16:00:00
49086,1887,-73.976295,40.746635,2080,-73.97273299999999,40.747559,16:46:00
49232,922,-73.994469,40.725845,660,-74.000359,40.733973999999996,16:17:00
49243,1091,-73.990936,40.77095,2218,-73.969551,40.80035,17:08:00
49395,1796,-73.97805,40.737553000000005,2578,-73.96018199999999,40.758038,17:25:00
49435,107,-74.011246,40.708304999999996,1913,-73.9758,40.740643,15:57:00
49506,618,-74.001312,40.76207,2504,-73.962013,40.813869,15:17:00
49676,112,-74.011108,40.715590999999996,567,-74.00222,40.720341,18:19:00
49781,422,-74.005318,40.7286,245,-74.008377,40.716587,15:38:00
49871,392,-74.005898,40.725025,186,-74.00946,40.704544,16:37:00
50072,270,-74.008003,40.705448,608,-74.00145,40.721252,16:28:00
50299,157,-74.009987,40.709804999999996,255,-74.008255,40.736961,17:24:00
50508,55,-74.01351899999999,40.706944,65,-74.013023,40.717247,14:35:00
50515,270,-74.008003,40.705448,904,-73.994812,40.718456,11:45:00
50526,1918,-73.975693,40.728474,429,-74.005211,40.720627,11:47:00
50607,2271,-73.968323,40.799816,2264,-73.968475,40.791565000000006,16:51:00
50626,2136,-73.971413,40.795361,2463,-73.963013,40.812626,14:59:00
50631,1982,-73.974693,40.774727,2644,-73.958557,40.7841,14:41:00
50637,779,-73.997612,40.753948,541,-74.002815,40.730911,14:44:00
51014,3243,-73.945274,40.775146,2202,-73.969864,40.794734999999996,16:00:00
51046,2958,-73.95150799999999,40.812008,3161,-73.947037,40.81921,11:53:00
51213,72,-74.012833,40.70245,779,-73.997612,40.753948,14:19:00
51229,2623,-73.95920600000001,40.809329999999996,1994,-73.974518,40.788361,17:11:00
51280,1521,-73.982788,40.785027,2271,-73.968323,40.799816,18:53:00
51453,2483,-73.96249399999999,40.773098,2767,-73.95565,40.782051,16:14:00
51530,1046,-73.991905,40.769608000000005,1290,-73.987167,40.714314,18:16:00
51708,112,-74.011108,40.715590999999996,466,-74.004532,40.716286,13:32:00
51880,429,-74.005211,40.720627,1510,-73.983063,40.776638,14:37:00
51954,1084,-73.991035,40.72403,572,-74.002144,40.708149,16:38:00
51982,1306,-73.986862,40.754318,609,-74.001427,40.751446,15:41:00
52070,1845,-73.977089,40.792725,1521,-73.982788,40.785027,14:45:00
52123,283,-74.00782,40.751713,180,-74.009628,40.740066999999996,16:39:00
52155,2739,-73.95649,40.784042,2412,-73.964523,40.8074,17:17:00
52299,1673,-73.980591,40.783192,654,-74.000496,40.729988,14:28:00
52306,2472,-73.96283000000001,40.760784,2472,-73.96283000000001,40.760784,14:07:00
52330,2218,-73.969551,40.80035,868,-73.99556,40.730717,16:17:00
52409,1130,-73.990211,40.731995,654,-74.000496,40.729988,16:33:00
52451,3295,-73.94433599999999,40.779724,2958,-73.95150799999999,40.812008,16:30:00
52511,908,-73.99475100000001,40.727818,157,-74.009987,40.709804999999996,16:09:00
52628,2373,-73.96578199999999,40.768581,1510,-73.983063,40.776638,15:42:00
52684,323,-74.00705699999999,40.709872999999995,587,-74.00188399999999,40.719398,11:48:00
52761,2228,-73.969368,40.769271999999994,2322,-73.96721600000001,40.752674,13:18:00
52875,346,-74.006676,40.716534,788,-73.99736,40.766182,17:33:00
52945,284,-74.007812,40.703049,429,-74.005211,40.720627,16:03:00
53040,2264,-73.968475,40.791565000000006,2521,-73.96154,40.806133,16:17:00
53181,2802,-73.954918,40.807583,2172,-73.970726,40.767395,17:20:00
53309,1463,-73.98384899999999,40.770477,1963,-73.974968,40.748501,17:14:00
53347,2320,-73.96727800000001,40.803631,2507,-73.96195999999999,40.797981,16:44:00
54135,1280,-73.987358,40.730007,1280,-73.987358,40.730007,17:07:00
54317,676,-73.99987,40.720432,1130,-73.990211,40.731995,16:42:00
54337,454,-74.004768,40.75687,454,-74.004768,40.75687,17:02:00
54458,595,-74.001694,40.735535,373,-74.006248,40.717083,13:35:00
54532,2164,-73.97085600000001,40.793377,3207,-73.94603000000001,40.812119,14:56:00
54653,346,-74.006676,40.716534,3204,-73.946083,40.821262,15:52:00
54738,2349,-73.966576,40.789108,2693,-73.957634,40.785343,11:43:00
54814,399,-74.005775,40.717678,908,-73.99475100000001,40.727818,16:32:00
54919,1756,-73.978806,40.719826,1756,-73.978806,40.719826,17:18:00
55021,147,-74.01015500000001,40.712063,283,-74.00782,40.751713,16:36:00
55217,2483,-73.96249399999999,40.773098,1848,-73.976974,40.754349,17:17:00
55275,2392,-73.96521,40.790993,541,-74.002815,40.730911,15:06:00
55385,2356,-73.96637,40.804885999999996,3243,-73.945274,40.775146,16:02:00
55625,567,-74.00222,40.720341,425,-74.00529499999999,40.721767,17:13:00
55720,964,-73.993721,40.767105,1934,-73.975426,40.747883,17:16:00
55956,263,-74.008125,40.704674,1296,-73.987053,40.742142,17:16:00
55962,2320,-73.96727800000001,40.803631,3154,-73.947151,40.837769,18:29:00
56516,2349,-73.966576,40.789108,1716,-73.979652,40.771156,16:12:00
56598,3003,-73.950439,40.786533,2179,-73.970497,40.796634999999995,18:30:00
57005,2320,-73.96727800000001,40.803631,1951,-73.975128,40.735432,17:39:00
57100,2075,-73.972931,40.758369,2075,-73.972931,40.758369,17:51:00
57105,731,-73.998604,40.729687,152,-74.010071,40.720757,17:28:00
57206,417,-74.005424,40.727878999999994,396,-74.005852,40.711681,16:48:00
57313,2592,-73.959816,40.813839,2279,-73.968102,40.800545,16:48:00
57335,728,-73.998657,40.755253,982,-73.993263,40.767742,18:40:00
57634,2369,-73.96590400000001,40.805515,2592,-73.959816,40.813839,17:56:00
57975,2623,-73.95920600000001,40.809329999999996,2356,-73.96637,40.804885999999996,17:19:00
58026,2412,-73.964523,40.8074,141,-74.010231,40.732414,19:28:00
58063,2483,-73.96249399999999,40.773098,3295,-73.94433599999999,40.779724,16:12:00
58136,2691,-73.957726,40.806290000000004,1950,-73.97513599999999,40.790257000000004,17:48:00
58146,3440,-73.94162800000001,40.798615000000005,2960,-73.95143900000001,40.785175,16:55:00
58270,1071,-73.99128,40.732445,1189,-73.989113,40.720306,17:12:00
58318,1250,-73.987923,40.779598,1250,-73.987923,40.779598,16:57:00
58337,2780,-73.955368,40.80442,754,-73.99807,40.730289,18:11:00
58527,2356,-73.96637,40.804885999999996,2218,-73.969551,40.80035,18:20:00
58623,2253,-73.968674,40.799141,2919,-73.952415,40.786495,17:47:00
58743,1069,-73.991325,40.719402,2375,-73.96570600000001,40.80043,16:31:00
58871,2369,-73.96590400000001,40.805515,3018,-73.95008100000001,40.829586,18:36:00
58874,3243,-73.945274,40.775146,2369,-73.96590400000001,40.805515,18:30:00
58880,2264,-73.968475,40.791565000000006,1168,-73.989548,40.772865,11:41:00
58988,2136,-73.971413,40.795361,2463,-73.963013,40.812626,16:13:00
59063,2611,-73.959473,40.782833000000004,2289,-73.967995,40.771149,17:24:00
59122,896,-73.994934,40.755268,1564,-73.982208,40.777969,16:44:00
59321,1485,-73.98344399999999,40.722019,1909,-73.975861,40.747257,17:27:00
59376,426,-74.00529499999999,40.740025,517,-74.003372,40.72525,18:39:00
59394,1569,-73.982147,40.783035,2180,-73.970467,40.799088,15:25:00
59543,72,-74.012833,40.70245,1623,-73.981438,40.716716999999996,19:33:00
59603,2349,-73.966576,40.789108,1994,-73.974518,40.788361,18:55:00
59677,429,-74.005211,40.720627,468,-74.004448,40.722716999999996,18:49:00
59704,422,-74.005318,40.7286,422,-74.005318,40.7286,17:29:00
59878,2611,-73.959473,40.782833000000004,1037,-73.992134,40.714420000000004,20:05:00
60122,136,-74.01039899999999,40.718803,517,-74.003372,40.72525,19:16:00
60470,255,-74.008255,40.736961,255,-74.008255,40.736961,18:12:00
60586,308,-74.00739300000001,40.705181,568,-74.002205,40.721621999999996,16:47:00
60619,1510,-73.983063,40.776638,2264,-73.968475,40.791565000000006,17:54:00
61174,1564,-73.982208,40.777969,1564,-73.982208,40.777969,19:17:00
61221,2179,-73.970497,40.796634999999995,3514,-73.940147,40.848835,17:28:00
61279,414,-74.005493,40.738754,55,-74.01351899999999,40.706944,18:42:00
61312,568,-74.002205,40.721621999999996,598,-74.001663,40.732319,16:43:00
61441,136,-74.01039899999999,40.718803,141,-74.010231,40.732414,17:58:00
61515,2450,-73.963425,40.771824,194,-74.00923900000001,40.715519,17:38:00
61849,2332,-73.967033,40.788483,2369,-73.96590400000001,40.805515,17:28:00
61912,587,-74.00188399999999,40.719398,3112,-73.948006,40.817116,17:38:00
61998,2677,-73.957886,40.761173,834,-73.99633,40.717594,17:56:00
62018,896,-73.994934,40.755268,754,-73.99807,40.730289,17:56:00
62050,587,-74.00188399999999,40.719398,396,-74.005852,40.711681,17:58:00
62255,426,-74.00529499999999,40.740025,697,-73.999367,40.730057,17:56:00
62350,2031,-73.97377,40.79213,2180,-73.970467,40.799088,18:46:00
62590,466,-74.004532,40.716286,308,-74.00739300000001,40.705181,19:36:00
62799,1158,-73.989754,40.715553,273,-74.007988,40.746094,16:44:00
62899,598,-74.001663,40.732319,731,-73.998604,40.729687,18:42:00
63113,2202,-73.969864,40.794734999999996,2544,-73.961044,40.80175,16:37:00
63140,194,-74.00923900000001,40.715519,22,-74.01576999999999,40.71767,17:34:00
63218,1934,-73.975426,40.747883,583,-74.00194499999999,40.736416,19:07:00
63270,595,-74.001694,40.735535,985,-73.99324,40.730953,19:14:00
63725,1276,-73.98745,40.778572,2691,-73.957726,40.806290000000004,17:56:00
63816,2031,-73.97377,40.79213,2031,-73.97377,40.79213,15:38:00
63947,421,-74.005325,40.718272999999996,493,-74.00386800000001,40.737545000000004,17:36:00
64131,399,-74.005775,40.717678,962,-73.99374399999999,40.729008,18:35:00
64303,55,-74.01351899999999,40.706944,429,-74.005211,40.720627,19:11:00
64423,2369,-73.96590400000001,40.805515,1968,-73.97493,40.735165,17:43:00
64499,3999,-73.925003,40.866337,2164,-73.97085600000001,40.793377,16:44:00
64614,2008,-73.974197,40.793964,2264,-73.968475,40.791565000000006,18:48:00
64644,272,-74.008003,40.723282,72,-74.012833,40.70245,16:34:00
64667,160,-74.00997199999999,40.735291,312,-74.00729399999999,40.75309,19:00:00
64714,3003,-73.950439,40.786533,1586,-73.981995,40.769672,19:08:00
64768,2054,-73.973297,40.792770000000004,1329,-73.98653399999999,40.737049,19:02:00
65082,2598,-73.959724,40.758663,2598,-73.959724,40.758663,18:35:00
65211,661,-74.000359,40.735306,1032,-73.99221,40.725231,19:36:00
65221,308,-74.00739300000001,40.705181,466,-74.004532,40.716286,19:33:00
65248,1994,-73.974518,40.788361,2264,-73.968475,40.791565000000006,17:02:00
65518,728,-73.998657,40.755253,1994,-73.974518,40.788361,18:44:00
65638,308,-74.00739300000001,40.705181,760,-73.997986,40.732944,15:23:00
65805,1069,-73.991325,40.719402,425,-74.00529499999999,40.721767,18:39:00
65862,2279,-73.968102,40.800545,2264,-73.968475,40.791565000000006,19:19:00
66030,245,-74.008377,40.716587,385,-74.00601999999999,40.706142,18:44:00
66174,2303,-73.96772,40.802971,2031,-73.97377,40.79213,17:17:00
66386,2598,-73.959724,40.758663,629,-74.00102199999999,40.730247,20:11:00
66704,2517,-73.961624,40.756058,1329,-73.98653399999999,40.737049,17:57:00
66983,354,-74.0065,40.732426000000004,1894,-73.976212,40.725327,19:00:00
67024,429,-74.005211,40.720627,177,-74.00966600000001,40.712727,18:42:00
67053,1729,-73.979393,40.791245,1289,-73.987167,40.779243,17:38:00
67240,2349,-73.966576,40.789108,2202,-73.969864,40.794734999999996,15:35:00
67272,493,-74.00386800000001,40.737545000000004,1137,-73.990044,40.721920000000004,17:54:00
67425,908,-73.99475100000001,40.727818,417,-74.005424,40.727878999999994,18:02:00
67514,1046,-73.991905,40.769608000000005,488,-74.003967,40.729877,18:33:00
67533,2214,-73.969574,40.797871,2214,-73.969574,40.797871,18:35:00
67664,176,-74.009682,40.714946999999995,641,-74.000725,40.735928,19:34:00
67691,868,-73.99556,40.730717,904,-73.994812,40.718456,19:34:00
68037,1976,-73.974777,40.729794,1934,-73.975426,40.747883,17:31:00
68126,458,-74.004684,40.73032,864,-73.995689,40.718773,17:32:00
68383,458,-74.004684,40.73032,1913,-73.9758,40.740643,19:16:00
68419,341,-74.006783,40.706722,341,-74.006783,40.706722,18:49:00
68497,1798,-73.978004,40.786392,3000,-73.95049300000001,40.82312,18:21:00
68557,713,-73.999031,40.72142,713,-73.999031,40.72142,16:53:00
68685,772,-73.997765,40.716812,413,-74.00550799999999,40.709091,18:23:00
68693,1029,-73.992233,40.721249,429,-74.005211,40.720627,18:19:00
69174,2470,-73.962875,40.799236,1994,-73.974518,40.788361,19:00:00
69229,3003,-73.950439,40.786533,2592,-73.959816,40.813839,18:40:00
69456,881,-73.99526999999999,40.727211,772,-73.997765,40.716812,17:12:00
69498,1750,-73.97895799999999,40.750175,618,-74.001312,40.76207,16:07:00
69547,87,-74.011887,40.712868,134,-74.010452,40.722858,17:33:00
69559,2136,-73.971413,40.795361,2369,-73.96590400000001,40.805515,19:53:00
69976,396,-74.005852,40.711681,247,-74.008347,40.725914,19:05:00
69987,2367,-73.966011,40.767857,2578,-73.96018199999999,40.758038,17:30:00
70248,270,-74.008003,40.705448,1133,-73.990128,40.713383,17:28:00
70380,2084,-73.972687,40.790867,2218,-73.969551,40.80035,18:58:00
70441,429,-74.005211,40.720627,429,-74.005211,40.720627,19:10:00
70467,2546,-73.961037,40.806828,1416,-73.984741,40.785728000000006,17:58:00
70896,2780,-73.955368,40.80442,808,-73.996902,40.762741,18:37:00
70923,2483,-73.96249399999999,40.773098,2483,-73.96249399999999,40.773098,17:54:00
71157,1604,-73.981689,40.783671999999996,112,-74.011108,40.715590999999996,19:33:00
71161,756,-73.998047,40.750977,1128,-73.990234,40.718123999999996,18:25:00
71201,661,-74.000359,40.735306,1084,-73.991035,40.72403,19:13:00
71277,2780,-73.955368,40.80442,2391,-73.96521,40.801105,18:02:00
71282,2163,-73.970901,40.748363,540,-74.002945,40.731136,17:42:00
71315,112,-74.011108,40.715590999999996,186,-74.00946,40.704544,18:15:00
71323,341,-74.006783,40.706722,56,-74.01349599999999,40.714481,19:11:00
71472,1673,-73.980591,40.783192,64,-74.01308399999999,40.709148,17:42:00
71631,421,-74.005325,40.718272999999996,595,-74.001694,40.735535,19:44:00
71692,2588,-73.959923,40.782211,2500,-73.962036,40.755421000000005,17:53:00
71890,2367,-73.966011,40.767857,2611,-73.959473,40.782833000000004,17:55:00
71908,495,-74.00386,40.738396,472,-74.004379,40.724056,17:52:00
72102,3104,-73.948112,40.770382,1951,-73.975128,40.735432,19:39:00
72274,2356,-73.96637,40.804885999999996,2463,-73.963013,40.812626,19:20:00
72373,2450,-73.963425,40.771824,2450,-73.963425,40.771824,19:06:00
72441,896,-73.994934,40.755268,194,-74.00923900000001,40.715519,18:43:00
72489,157,-74.009987,40.709804999999996,469,-74.00444,40.705428999999995,18:46:00
72586,2031,-73.97377,40.79213,1168,-73.989548,40.772865,17:29:00
72626,1109,-73.990555,40.719177,2375,-73.96570600000001,40.80043,20:03:00
72892,2356,-73.96637,40.804885999999996,2179,-73.970497,40.796634999999995,18:49:00
72919,1751,-73.97893499999999,40.785121999999994,2016,-73.974068,40.778805,18:01:00
72974,808,-73.996902,40.762741,1611,-73.981636,40.724495000000005,17:17:00
73053,72,-74.012833,40.70245,147,-74.01015500000001,40.712063,18:11:00
73073,152,-74.010071,40.720757,731,-73.998604,40.729687,19:14:00
73099,2612,-73.959419,40.776894,3249,-73.94522099999999,40.796828999999995,20:21:00
73105,429,-74.005211,40.720627,864,-73.995689,40.718773,19:50:00
73471,908,-73.99475100000001,40.727818,779,-73.997612,40.753948,19:49:00
73737,2136,-73.971413,40.795361,2253,-73.968674,40.799141,16:20:00
73828,964,-73.993721,40.767105,3036,-73.94967700000001,40.802025,19:44:00
74365,3352,-73.943359,40.776863,2517,-73.961624,40.756058,19:49:00
74456,2623,-73.95920600000001,40.809329999999996,2303,-73.96772,40.802971,19:25:00
74550,2392,-73.96521,40.790993,2214,-73.969574,40.797871,19:50:00
74690,2391,-73.96521,40.801105,2391,-73.96521,40.801105,17:34:00
74716,403,-74.005684,40.737553000000005,1901,-73.976028,40.723690000000005,19:11:00
74798,2279,-73.968102,40.800545,2454,-73.963364,40.798565,19:43:00
74821,1109,-73.990555,40.719177,2521,-73.96154,40.806133,18:54:00
74946,346,-74.006676,40.716534,517,-74.003372,40.72525,18:57:00
74963,2179,-73.970497,40.796634999999995,2031,-73.97377,40.79213,19:22:00
75363,466,-74.004532,40.716286,502,-74.003731,40.72625,19:12:00
75454,373,-74.006248,40.717083,381,-74.006073,40.709919,20:22:00
75572,396,-74.005852,40.711681,2012,-73.974129,40.73138,17:54:00
75596,754,-73.99807,40.730289,754,-73.99807,40.730289,19:47:00
75726,454,-74.004768,40.75687,3622,-73.938377,40.853539000000005,16:44:00
75745,458,-74.004684,40.73032,723,-73.99874100000001,40.760104999999996,20:59:00
75778,608,-74.00145,40.721252,454,-74.004768,40.75687,15:55:00
76194,2588,-73.959923,40.782211,2454,-73.963364,40.798565,17:32:00
76351,1276,-73.98745,40.778572,2031,-73.97377,40.79213,19:42:00
76382,2746,-73.956261,40.787224,2588,-73.959923,40.782211,17:03:00
76397,2075,-73.972931,40.758369,1280,-73.987358,40.730007,17:00:00
76453,2279,-73.968102,40.800545,3125,-73.947678,40.834804999999996,19:50:00
76454,859,-73.995811,40.729178999999995,654,-74.000496,40.729988,20:00:00
76494,1569,-73.982147,40.783035,2202,-73.969864,40.794734999999996,18:53:00
76498,2454,-73.963364,40.798565,454,-74.004768,40.75687,18:55:00
76507,245,-74.008377,40.716587,1063,-73.991425,40.717419,18:56:00
76538,1492,-73.983337,40.714931,152,-74.010071,40.720757,19:32:00
76861,2746,-73.956261,40.787224,1604,-73.981689,40.783671999999996,20:58:00
76921,186,-74.00946,40.704544,397,-74.005829,40.733139,20:35:00
77085,541,-74.002815,40.730911,1264,-73.98764,40.751419,17:00:00
77086,2796,-73.955017,40.820087,3633,-73.938225,40.846934999999995,17:03:00
77131,1213,-73.988647,40.742813,1909,-73.975861,40.747257,18:53:00
77368,2303,-73.96772,40.802971,136,-74.01039899999999,40.718803,20:02:00
77558,2780,-73.955368,40.80442,3036,-73.94967700000001,40.802025,19:39:00
77730,399,-74.005775,40.717678,273,-74.007988,40.746094,19:24:00
77831,380,-74.006088,40.711971000000005,186,-74.00946,40.704544,17:02:00
77863,517,-74.003372,40.72525,396,-74.005852,40.711681,17:47:00
78044,1109,-73.990555,40.719177,2198,-73.969948,40.748844,19:57:00
78101,346,-74.006676,40.716534,641,-74.000725,40.735928,19:50:00
78179,507,-74.003639,40.713642,422,-74.005318,40.7286,17:38:00
78374,2450,-73.963425,40.771824,2332,-73.967033,40.788483,18:47:00
78513,1994,-73.974518,40.788361,1564,-73.982208,40.777969,18:11:00
78590,1046,-73.991905,40.769608000000005,245,-74.008377,40.716587,19:54:00
78620,2342,-73.966705,40.804176,2691,-73.957726,40.806290000000004,19:46:00
78635,1071,-73.99128,40.732445,1071,-73.99128,40.732445,18:10:00
78767,112,-74.011108,40.715590999999996,1756,-73.978806,40.719826,17:29:00
78846,3273,-73.944763,40.774937,1979,-73.974747,40.745174,19:19:00
78855,1564,-73.982208,40.777969,3813,-73.934265,40.855579,19:52:00
78882,194,-74.00923900000001,40.715519,572,-74.002144,40.708149,19:20:00
78889,1750,-73.97895799999999,40.750175,2373,-73.96578199999999,40.768581,17:51:00
78971,458,-74.004684,40.73032,308,-74.00739300000001,40.705181,19:48:00
79113,881,-73.99526999999999,40.727211,654,-74.000496,40.729988,19:54:00
79190,3611,-73.93860600000001,40.799881,2202,-73.969864,40.794734999999996,18:30:00
79321,2264,-73.968475,40.791565000000006,2546,-73.961037,40.806828,16:56:00
79347,346,-74.006676,40.716534,904,-73.994812,40.718456,19:58:00
79479,2780,-73.955368,40.80442,2342,-73.966705,40.804176,18:08:00
79566,2151,-73.971222,40.746922,2136,-73.971413,40.795361,16:44:00
79583,1994,-73.974518,40.788361,4020,-73.920898,40.869877,16:45:00
79584,2739,-73.95649,40.784042,2739,-73.95649,40.784042,17:08:00
79664,595,-74.001694,40.735535,2179,-73.970497,40.796634999999995,16:50:00
79803,754,-73.99807,40.730289,651,-74.000534,40.71843,19:42:00
79975,904,-73.994812,40.718456,1623,-73.981438,40.716716999999996,21:05:00
79976,1280,-73.987358,40.730007,1477,-73.98362,40.716114000000005,21:02:00
80057,104,-74.011353,40.714909000000006,308,-74.00739300000001,40.705181,16:55:00
80102,2843,-73.953888,40.79047,2202,-73.969864,40.794734999999996,20:32:00
80144,540,-74.002945,40.731136,498,-74.00383000000001,40.72345,19:50:00
80367,1485,-73.98344399999999,40.722019,485,-74.004028,40.716869,20:58:00
80540,421,-74.005325,40.718272999999996,186,-74.00946,40.704544,19:55:00
80590,466,-74.004532,40.716286,385,-74.00601999999999,40.706142,20:00:00
80851,72,-74.012833,40.70245,177,-74.00966600000001,40.712727,17:07:00
80879,2016,-73.974068,40.778805,1673,-73.980591,40.783192,19:08:00
80934,3207,-73.94603000000001,40.812119,2521,-73.96154,40.806133,20:15:00
80936,2279,-73.968102,40.800545,136,-74.01039899999999,40.718803,20:04:00
80999,1203,-73.988853,40.777573,1994,-73.974518,40.788361,18:06:00
81207,527,-74.003136,40.731464,527,-74.003136,40.731464,17:45:00
81270,1361,-73.985725,40.717838,1071,-73.99128,40.732445,20:59:00
81611,928,-73.994354,40.719440000000006,526,-74.003151,40.734898,19:41:00
81877,270,-74.008003,40.705448,772,-73.997765,40.716812,18:49:00
82108,2812,-73.95465899999999,40.786545000000004,3449,-73.941429,40.823505,19:42:00
82133,1280,-73.987358,40.730007,2378,-73.96566800000001,40.790359,19:34:00
82183,1190,-73.98909,40.773495000000004,413,-74.00550799999999,40.709091,19:38:00
82249,2470,-73.962875,40.799236,2214,-73.969574,40.797871,21:05:00
82321,1994,-73.974518,40.788361,3250,-73.945175,40.790882,18:53:00
82502,396,-74.005852,40.711681,854,-73.99588,40.724403,20:41:00
82660,308,-74.00739300000001,40.705181,245,-74.008377,40.716587,20:02:00
82783,109,-74.01123,40.710365,625,-74.001129,40.724167,18:53:00
82865,2470,-73.962875,40.799236,1046,-73.991905,40.769608000000005,19:27:00
83110,609,-74.001427,40.751446,180,-74.009628,40.740066999999996,18:51:00
83454,2444,-73.963684,40.771046000000005,1109,-73.990555,40.719177,19:21:00
83500,728,-73.998657,40.755253,723,-73.99874100000001,40.760104999999996,20:43:00
83855,56,-74.01349599999999,40.714481,104,-74.011353,40.714909000000006,17:46:00
83858,426,-74.00529499999999,40.740025,285,-74.007805,40.709091,17:33:00
83946,731,-73.998604,40.729687,661,-74.000359,40.735306,19:51:00
84040,1046,-73.991905,40.769608000000005,1046,-73.991905,40.769608000000005,20:46:00
84061,2054,-73.973297,40.792770000000004,2303,-73.96772,40.802971,19:04:00
84300,396,-74.005852,40.711681,396,-74.005852,40.711681,18:56:00
84337,502,-74.003731,40.72625,373,-74.006248,40.717083,21:16:00
84456,661,-74.000359,40.735306,661,-74.000359,40.735306,20:01:00
84559,1994,-73.974518,40.788361,2693,-73.957634,40.785343,21:00:00
84607,2356,-73.96637,40.804885999999996,397,-74.005829,40.733139,21:41:00
85009,2012,-73.974129,40.73138,3036,-73.94967700000001,40.802025,19:55:00
85051,1071,-73.99128,40.732445,488,-74.003967,40.729877,21:44:00
85069,2342,-73.966705,40.804176,2438,-73.96386,40.802959,19:00:00
85221,2500,-73.962036,40.755421000000005,2677,-73.957886,40.761173,18:21:00
85534,2253,-73.968674,40.799141,2161,-73.970924,40.798462,21:24:00
85604,3395,-73.942436,40.790627,2725,-73.956802,40.807545000000005,21:06:00
85643,2271,-73.968323,40.799816,1673,-73.980591,40.783192,21:16:00
85657,263,-74.008125,40.704674,661,-74.000359,40.735306,19:21:00
85754,1130,-73.990211,40.731995,1130,-73.990211,40.731995,22:31:00
86084,2172,-73.970726,40.767395,1017,-73.99249300000001,40.713867,20:42:00
86187,354,-74.0065,40.732426000000004,380,-74.006088,40.711971000000005,19:53:00
86206,354,-74.0065,40.732426000000004,246,-74.00836899999999,40.735504,18:37:00
86293,466,-74.004532,40.716286,56,-74.01349599999999,40.714481,17:43:00
86319,263,-74.008125,40.704674,760,-73.997986,40.732944,18:43:00
86366,2780,-73.955368,40.80442,3333,-73.943748,40.838463,19:55:00
86432,278,-74.007942,40.714928,344,-74.006737,40.730946,18:26:00
86451,263,-74.008125,40.704674,488,-74.003967,40.729877,18:18:00
86585,472,-74.004379,40.724056,270,-74.008003,40.705448,18:56:00
86638,1646,-73.981064,40.788506,2164,-73.97085600000001,40.793377,21:04:00
86667,2412,-73.964523,40.8074,2454,-73.963364,40.798565,20:25:00
86800,373,-74.006248,40.717083,502,-74.003731,40.72625,17:50:00
86838,1063,-73.991425,40.717419,660,-74.000359,40.733973999999996,18:46:00
86860,2739,-73.95649,40.784042,1604,-73.981689,40.783671999999996,20:06:00
86879,2373,-73.96578199999999,40.768581,2268,-73.968384,40.786594,18:08:00
86927,2054,-73.973297,40.792770000000004,3204,-73.946083,40.821262,19:18:00
86976,1979,-73.974747,40.745174,1084,-73.991035,40.72403,18:26:00
87028,2320,-73.96727800000001,40.803631,2592,-73.959816,40.813839,19:41:00
87039,488,-74.003967,40.729877,176,-74.009682,40.714946999999995,20:21:00
87306,2369,-73.96590400000001,40.805515,2279,-73.968102,40.800545,18:57:00
87511,482,-74.004059,40.713135,109,-74.01123,40.710365,17:10:00
87520,1071,-73.99128,40.732445,1486,-73.98344399999999,40.747097,18:13:00
87522,2150,-73.971222,40.787791999999996,2472,-73.96283000000001,40.760784,22:33:00
87822,2342,-73.966705,40.804176,2782,-73.955292,40.818481,20:37:00
87966,2264,-73.968475,40.791565000000006,3132,-73.94761700000001,40.825203,19:30:00
87970,1950,-73.97513599999999,40.790257000000004,1250,-73.987923,40.779598,19:46:00
88000,1032,-73.99221,40.725231,661,-74.000359,40.735306,20:53:00
88076,1109,-73.990555,40.719177,1994,-73.974518,40.788361,21:03:00
88119,654,-74.000496,40.729988,157,-74.009987,40.709804999999996,20:38:00
88368,273,-74.007988,40.746094,107,-74.011246,40.708304999999996,18:01:00
88381,141,-74.010231,40.732414,1751,-73.97893499999999,40.785121999999994,18:38:00
88536,2202,-73.969864,40.794734999999996,2180,-73.970467,40.799088,21:45:00
88747,1564,-73.982208,40.777969,654,-74.000496,40.729988,21:08:00
88764,540,-74.002945,40.731136,413,-74.00550799999999,40.709091,22:34:00
88885,1994,-73.974518,40.788361,2375,-73.96570600000001,40.80043,18:20:00
88970,1280,-73.987358,40.730007,834,-73.99633,40.717594,19:59:00
89123,976,-73.99337,40.7728,2214,-73.969574,40.797871,20:50:00
89373,2320,-73.96727800000001,40.803631,2320,-73.96727800000001,40.803631,18:09:00
89460,928,-73.994354,40.719440000000006,245,-74.008377,40.716587,20:26:00
89487,2322,-73.96721600000001,40.752674,107,-74.011246,40.708304999999996,20:36:00
89976,3920,-73.930878,40.848118,2915,-73.952507,40.800686,20:20:00
89995,1914,-73.9758,40.753853,1623,-73.981438,40.716716999999996,21:44:00
90083,373,-74.006248,40.717083,392,-74.005898,40.725025,20:51:00
90199,485,-74.004028,40.716869,107,-74.011246,40.708304999999996,21:20:00
90407,421,-74.005325,40.718272999999996,272,-74.008003,40.723282,20:35:00
90479,385,-74.00601999999999,40.706142,385,-74.00601999999999,40.706142,20:11:00
90597,1213,-73.988647,40.742813,590,-74.001808,40.732948,20:50:00
90714,2454,-73.963364,40.798565,3665,-73.937515,40.844134999999994,18:59:00
90717,962,-73.99374399999999,40.729008,1756,-73.978806,40.719826,19:04:00
90727,152,-74.010071,40.720757,151,-74.010071,40.725079,19:05:00
90841,2546,-73.961037,40.806828,2915,-73.952507,40.800686,21:55:00
90911,1586,-73.981995,40.769672,2136,-73.971413,40.795361,22:41:00
91031,2450,-73.963425,40.771824,2450,-73.963425,40.771824,20:17:00
91153,1950,-73.97513599999999,40.790257000000004,2392,-73.96521,40.790993,19:10:00
91216,2470,-73.962875,40.799236,3275,-73.94475600000001,40.840687,20:05:00
91308,962,-73.99374399999999,40.729008,1611,-73.981636,40.724495000000005,21:23:00
91345,2080,-73.97273299999999,40.747559,3003,-73.950439,40.786533,20:39:00
91473,1190,-73.98909,40.773495000000004,1852,-73.976913,40.77491,17:01:00
91812,1951,-73.975128,40.735432,4000,-73.924904,40.861553,21:50:00
91826,245,-74.008377,40.716587,55,-74.01351899999999,40.706944,21:04:00
91897,541,-74.002815,40.730911,380,-74.006088,40.711971000000005,21:46:00
92395,2202,-73.969864,40.794734999999996,2391,-73.96521,40.801105,18:34:00
92430,3244,-73.945267,40.774254,2150,-73.971222,40.787791999999996,20:48:00
92439,2031,-73.97377,40.79213,2371,-73.965874,40.808857,20:54:00
92503,1586,-73.981995,40.769672,1094,-73.990868,40.773445,21:04:00
92780,152,-74.010071,40.720757,660,-74.000359,40.733973999999996,22:00:00
92904,1361,-73.985725,40.717838,2375,-73.96570600000001,40.80043,17:39:00
92920,194,-74.00923900000001,40.715519,457,-74.004738,40.724266,19:01:00
92964,808,-73.996902,40.762741,3594,-73.93888100000001,40.842265999999995,22:26:00
93080,495,-74.00386,40.738396,2075,-73.972931,40.758369,17:39:00
93289,272,-74.008003,40.723282,1934,-73.975426,40.747883,22:34:00
93346,1046,-73.991905,40.769608000000005,2391,-73.96521,40.801105,22:15:00
93352,272,-74.008003,40.723282,323,-74.00705699999999,40.709872999999995,22:03:00
93493,1009,-73.992638,40.71513,1756,-73.978806,40.719826,22:37:00
93597,2342,-73.966705,40.804176,2271,-73.968323,40.799816,19:13:00
93665,2578,-73.96018199999999,40.758038,2163,-73.970901,40.748363,18:10:00
93687,373,-74.006248,40.717083,3948,-73.929581,40.849892,23:16:00
93848,403,-74.005684,40.737553000000005,540,-74.002945,40.731136,21:54:00
93994,247,-74.008347,40.725914,194,-74.00923900000001,40.715519,19:31:00
94048,2303,-73.96772,40.802971,2202,-73.969864,40.794734999999996,21:44:00
94052,1189,-73.989113,40.720306,466,-74.004532,40.716286,21:43:00
94527,1756,-73.978806,40.719826,308,-74.00739300000001,40.705181,22:39:00
94720,2163,-73.970901,40.748363,136,-74.01039899999999,40.718803,18:12:00
94834,3204,-73.946083,40.821262,667,-74.00012199999999,40.707905,23:22:00
94847,2592,-73.959816,40.813839,641,-74.000725,40.735928,20:34:00
94899,1673,-73.980591,40.783192,1573,-73.982086,40.773006,21:25:00
94913,654,-74.000496,40.729988,1345,-73.98616,40.720745,18:06:00
94915,1130,-73.990211,40.731995,1856,-73.97689100000001,40.7225,18:12:00
94995,541,-74.002815,40.730911,1401,-73.98496999999999,40.73793,22:44:00
95043,754,-73.99807,40.730289,107,-74.011246,40.708304999999996,22:35:00
95404,540,-74.002945,40.731136,541,-74.002815,40.730911,20:40:00
95544,2438,-73.96386,40.802959,1950,-73.97513599999999,40.790257000000004,18:56:00
95634,177,-74.00966600000001,40.712727,2375,-73.96570600000001,40.80043,20:39:00
95699,1433,-73.984444,40.733032,1029,-73.992233,40.721249,21:05:00
95878,421,-74.005325,40.718272999999996,2977,-73.951004,40.788425,21:43:00
96161,2598,-73.959724,40.758663,2162,-73.970901,40.745148,21:53:00
96176,1492,-73.983337,40.714931,1492,-73.983337,40.714931,21:51:00
96183,457,-74.004738,40.724266,2623,-73.95920600000001,40.809329999999996,21:41:00
96290,1130,-73.990211,40.731995,416,-74.005463,40.732449,22:58:00
96320,176,-74.009682,40.714946999999995,270,-74.008003,40.705448,22:02:00
96423,1852,-73.976913,40.77491,2080,-73.97273299999999,40.747559,21:07:00
96500,676,-73.99987,40.720432,1091,-73.990936,40.77095,19:00:00
97146,2592,-73.959816,40.813839,2218,-73.969551,40.80035,20:51:00
97524,152,-74.010071,40.720757,152,-74.010071,40.720757,19:40:00
97598,3395,-73.942436,40.790627,3025,-73.94989,40.790417,21:15:00
97621,2349,-73.966576,40.789108,3328,-73.94381700000001,40.776234,20:23:00
97676,3444,-73.941505,40.801933,3717,-73.936363,40.794697,21:54:00
97684,962,-73.99374399999999,40.729008,458,-74.004684,40.73032,21:50:00
97993,1796,-73.97805,40.737553000000005,3656,-73.93776700000001,40.83868,21:36:00
98095,2356,-73.96637,40.804885999999996,2329,-73.967049,40.807487,22:57:00
98279,1071,-73.99128,40.732445,1071,-73.99128,40.732445,22:08:00
98331,676,-73.99987,40.720432,587,-74.00188399999999,40.719398,21:01:00
98513,1046,-73.991905,40.769608000000005,2008,-73.974197,40.793964,23:40:00
98697,458,-74.004684,40.73032,284,-74.007812,40.703049,20:40:00
98770,422,-74.005318,40.7286,2665,-73.958229,40.75951,22:48:00
98798,422,-74.005318,40.7286,270,-74.008003,40.705448,22:36:00
98837,2644,-73.958557,40.7841,881,-73.99526999999999,40.727211,21:04:00
99084,1756,-73.978806,40.719826,1870,-73.976578,40.715244,21:56:00
99394,2322,-73.96721600000001,40.752674,2161,-73.970924,40.798462,18:17:00
99584,1250,-73.987923,40.779598,1312,-73.98679399999999,40.780712,21:00:00
99656,482,-74.004059,40.713135,1856,-73.97689100000001,40.7225,23:26:00
99661,466,-74.004532,40.716286,297,-74.00762900000001,40.723495,22:42:00
99889,1071,-73.99128,40.732445,521,-74.00329599999999,40.731743,21:55:00
99892,562,-74.00235,40.726498,641,-74.000725,40.735928,21:21:00
99914,1976,-73.974777,40.729794,654,-74.000496,40.729988,21:31:00
99921,2279,-73.968102,40.800545,354,-74.0065,40.732426000000004,22:04:00
99949,2592,-73.959816,40.813839,3594,-73.93888100000001,40.842265999999995,21:57:00
99992,141,-74.010231,40.732414,312,-74.00729399999999,40.75309,18:28:00
100019,229,-74.00864399999999,40.72422,245,-74.008377,40.716587,20:35:00
100154,3633,-73.938225,40.846934999999995,3440,-73.94162800000001,40.798615000000005,23:37:00
100169,1486,-73.98344399999999,40.747097,2163,-73.970901,40.748363,22:06:00
100173,2960,-73.95143900000001,40.785175,2356,-73.96637,40.804885999999996,22:05:00
