12,35,-74.014488,40.710968,91,-74.011711,40.713657,09:19:00
13,594,-74.001717,40.709438,1141,-73.98996700000001,40.712646,09:21:00
44,3531,-73.939911,40.815403,3014,-73.950188,40.801331,08:46:00
73,2786,-73.955208,40.820168,2515,-73.961708,40.811268,08:41:00
203,2652,-73.958412,40.815773,2892,-73.95285799999999,40.806709000000005,02:50:00
256,3048,-73.949455,40.827705,3036,-73.94967700000001,40.802025,12:22:00
279,2877,-73.953041,40.80761,2906,-73.95264399999999,40.803062,10:58:00
283,3030,-73.949738,40.807041,2906,-73.95264399999999,40.803062,08:46:00
365,3474,-73.940933,40.819096,3329,-73.94381,40.825333,10:04:00
372,2660,-73.958275,40.815616999999996,3954,-73.929138,40.850494,12:18:00
391,2194,-73.970047,40.802265000000006,2282,-73.968048,40.804684,08:51:00
441,1368,-73.985489,40.747169,1734,-73.979286,40.723507,02:40:00
493,2846,-73.953812,40.822083,3407,-73.942261,40.806416,12:28:00
544,2374,-73.96575899999999,40.805446999999994,2556,-73.960686,40.814194,11:06:00
571,2299,-73.967789,40.801296,2662,-73.95826,40.810623,08:19:00
590,3098,-73.948311,40.79813,2730,-73.956749,40.789204,12:30:00
601,3288,-73.94453399999999,40.809071,3057,-73.949188,40.8027,08:45:00
662,3557,-73.939522,40.798626,2434,-73.963936,40.797131,08:43:00
690,3013,-73.950195,40.806412,3264,-73.944855,40.79998,12:01:00
736,3623,-73.93836999999999,40.80307,3762,-73.935425,40.795986,11:25:00
746,3560,-73.939461,40.816029,3385,-73.942719,40.811569,11:25:00
774,3264,-73.944855,40.79998,2820,-73.954514,40.810688,09:57:00
784,2907,-73.952591,40.810764,2907,-73.952591,40.810764,09:51:00
888,2962,-73.95137,40.791046,3351,-73.943382,40.799358000000005,09:22:00
900,25,-74.015518,40.707676,190,-74.009331,40.718693,10:53:00
917,3208,-73.945976,40.807097999999996,3057,-73.949188,40.8027,11:34:00
1005,3654,-73.937782,40.796989,2972,-73.951164,40.810173,11:58:00
1075,2468,-73.962914,40.804253,3351,-73.943382,40.799358000000005,13:37:00
1084,2434,-73.963936,40.797131,2983,-73.95092,40.791676,13:35:00
1088,2108,-73.972176,40.743159999999996,1315,-73.986717,40.715953999999996,13:37:00
1200,3036,-73.94967700000001,40.802025,2803,-73.954872,40.805096,11:02:00
1206,467,-74.004463,40.730721,894,-73.994972,40.720627,11:46:00
1286,3280,-73.944672,40.791573,3247,-73.945236,40.805138,10:44:00
1333,3287,-73.944565,40.834740000000004,3487,-73.94064300000001,40.805737,08:34:00
1447,206,-74.008995,40.706951000000004,443,-74.004974,40.715759000000006,09:48:00
1452,717,-73.998886,40.712601,443,-74.004974,40.715759000000006,09:58:00
1501,2290,-73.967941,40.751354,3861,-73.932663,40.795730999999996,09:57:00
1510,3041,-73.94953199999999,40.787791999999996,2944,-73.951836,40.790421,08:55:00
1659,3336,-73.943703,40.815308,3075,-73.94882199999999,40.808292,11:01:00
1835,2440,-73.963837,40.808002,704,-73.999191,40.759487,09:11:00
1940,2627,-73.95908399999999,40.799358000000005,2987,-73.950813,40.820824,11:24:00
1958,3623,-73.93836999999999,40.80307,3099,-73.94828000000001,40.829654999999995,11:14:00
1975,1582,-73.98201800000001,40.776264000000005,2729,-73.956779,40.802486,02:51:00
2004,3510,-73.940208,40.800556,2992,-73.950684,40.810844,09:59:00
2015,20,-74.015907,40.706657,1230,-73.988365,40.716446000000005,12:49:00
2073,3280,-73.944672,40.791573,3376,-73.942886,40.800041,10:02:00
2110,3099,-73.94828000000001,40.829654999999995,3329,-73.94381,40.825333,12:32:00
2125,2615,-73.959328,40.819382,2495,-73.962212,40.810577,12:34:00
2229,3381,-73.942757,40.816601,2952,-73.95166800000001,40.809490000000004,11:00:00
2371,3055,-73.94928,40.807666999999995,2860,-73.953476,40.801918,11:38:00
2558,3195,-73.94624300000001,40.824622999999995,2468,-73.962914,40.804253,12:59:00
2601,3279,-73.944687,40.819046,3036,-73.94967700000001,40.802025,10:36:00
2632,1728,-73.979401,40.749557,288,-74.00774399999999,40.71022,12:23:00
2663,474,-74.004326,40.707832,1445,-73.98423000000001,40.718826,13:11:00
2676,2140,-73.971313,40.792751,3122,-73.947762,40.79287,12:36:00
2696,2810,-73.95472,40.820831,3097,-73.948326,40.808971,13:36:00
2714,83,-74.011993,40.712055,1368,-73.985489,40.747169,13:20:00
2814,2645,-73.958527,40.800694,1434,-73.984436,40.783142,08:45:00
2815,2903,-73.95270500000001,40.803298999999996,2783,-73.955292,40.799434999999995,08:59:00
2826,2645,-73.958527,40.800694,2940,-73.951988,40.824577000000005,13:37:00
2892,2406,-73.964752,40.801731,2627,-73.95908399999999,40.799358000000005,13:29:00
2899,2580,-73.96015200000001,40.819702,3476,-73.940865,40.808334,12:21:00
2920,616,-74.001343,40.707275,1618,-73.981453,40.714203000000005,12:52:00
2967,2944,-73.951836,40.790421,3191,-73.946442,40.806469,09:38:00
2990,1368,-73.985489,40.747169,3407,-73.942261,40.806416,02:46:00
2999,1327,-73.98655699999999,40.718098,1327,-73.98655699999999,40.718098,13:40:00
3001,2962,-73.95137,40.791046,3849,-73.933174,40.795033000000004,11:48:00
3022,2686,-73.95779399999999,40.81126,2627,-73.95908399999999,40.799358000000005,12:57:00
3027,3324,-73.943893,40.801292,3118,-73.947838,40.809643,13:00:00
3068,2902,-73.95270500000001,40.81823,3487,-73.94064300000001,40.805737,13:04:00
3072,3184,-73.946609,40.784908,3184,-73.946609,40.784908,09:52:00
3146,3058,-73.94918100000001,40.828415,3058,-73.94918100000001,40.828415,08:48:00
3201,2440,-73.963837,40.808002,1634,-73.981224,40.780978999999995,13:27:00
3217,2604,-73.959633,40.801151000000004,3257,-73.944992,40.808445,11:59:00
3317,3064,-73.949051,40.797108,2898,-73.952744,40.789169,11:14:00
3402,1006,-73.99274399999999,40.713844,1096,-73.990791,40.728355,13:19:00
3420,1,-74.017944,40.706989,1543,-73.98234599999999,40.710876,11:56:00
3455,3305,-73.944191,40.814632,2952,-73.95166800000001,40.809490000000004,09:56:00
3493,362,-74.00643199999999,40.709557000000004,102,-74.011391,40.723625,02:48:00
3499,3914,-73.931023,40.864544,3929,-73.930458,40.848694,11:47:00
3502,3405,-73.942299,40.837841,2863,-73.953362,40.822697,11:56:00
3542,2682,-73.957832,40.815155,3837,-73.933571,40.802753,13:02:00
3703,2603,-73.95965600000001,40.820328,3197,-73.94619,40.827152000000005,12:08:00
3719,3097,-73.948326,40.808971,2730,-73.956749,40.789204,10:46:00
3726,523,-74.003258,40.720379,28,-74.015182,40.708523,11:49:00
3771,1186,-73.989159,40.716709,1368,-73.985489,40.747169,11:44:00
3848,3677,-73.937279,40.79768,3184,-73.946609,40.784908,11:32:00
3922,2468,-73.962914,40.804253,3914,-73.931023,40.864544,13:14:00
3940,2505,-73.961998,40.805510999999996,2589,-73.959877,40.77626,11:24:00
3991,3722,-73.936256,40.820403999999996,3075,-73.94882199999999,40.808292,11:55:00
4076,2779,-73.955383,40.806953,3075,-73.94882199999999,40.808292,09:58:00
4101,3106,-73.94809000000001,40.824551,3002,-73.95047,40.792294,10:36:00
4198,1099,-73.990746,40.729801,506,-74.003654,40.710964000000004,12:14:00
4224,664,-74.000275,40.717621,20,-74.015907,40.706657,10:57:00
4289,3195,-73.94624300000001,40.824622999999995,3281,-73.944649,40.814011,13:42:00
4355,2686,-73.95779399999999,40.81126,1763,-73.978668,40.791752,10:35:00
4437,3445,-73.941505,40.791908,2803,-73.954872,40.805096,13:21:00
4512,3550,-73.93962900000001,40.794468,3063,-73.949066,40.788429,09:58:00
4633,2997,-73.95060699999999,40.826465999999996,4090,-73.911568,40.873199,10:09:00
4756,961,-73.993759,40.725646999999995,1210,-73.98867,40.717651000000004,11:03:00
4964,2747,-73.956261,40.81337,3036,-73.94967700000001,40.802025,13:18:00
5066,3280,-73.944672,40.791573,3440,-73.94162800000001,40.798615000000005,02:53:00
5106,3407,-73.942261,40.806416,3487,-73.94064300000001,40.805737,10:09:00
5107,3499,-73.940475,40.819721,3281,-73.944649,40.814011,10:09:00
5138,3511,-73.94019300000001,40.835361,3004,-73.950417,40.826384999999995,08:53:00
5139,2660,-73.958275,40.815616999999996,2925,-73.95225500000001,40.823859999999996,08:44:00
5164,2580,-73.96015200000001,40.819702,2724,-73.956818,40.812607,12:31:00
5216,1752,-73.978912,40.71595,536,-74.003029,40.715590999999996,10:49:00
5270,1079,-73.991135,40.714667999999996,204,-74.009026,40.705311,08:37:00
5281,3722,-73.936256,40.820403999999996,2963,-73.951347,40.825119,13:27:00
5317,594,-74.001717,40.709438,1540,-73.982452,40.714698999999996,10:53:00
5326,3190,-73.946465,40.800667,3849,-73.933174,40.795033000000004,10:59:00
5353,622,-74.001175,40.71011,74,-74.01265,40.710136,12:39:00
5490,3189,-73.946472,40.811508,3336,-73.943703,40.815308,11:37:00
5507,3032,-73.949699,40.797084999999996,2920,-73.95240799999999,40.799,10:58:00
5520,2479,-73.96257,40.791634,2479,-73.96257,40.791634,11:25:00
5560,228,-74.00864399999999,40.70734,1672,-73.98060600000001,40.72168,09:47:00
5579,3336,-73.943703,40.815308,2453,-73.963371,40.803622999999995,12:00:00
5630,2479,-73.96257,40.791634,2479,-73.96257,40.791634,10:08:00
5798,1352,-73.98590899999999,40.719337,1895,-73.976212,40.727759999999996,03:00:00
5826,3166,-73.946976,40.799960999999996,2972,-73.951164,40.810173,09:16:00
5827,3272,-73.944771,40.787440999999994,3231,-73.94548,40.807774,09:21:00
5965,2549,-73.960976,40.799324,2453,-73.963371,40.803622999999995,10:49:00
5994,2584,-73.960091,40.808113,3825,-73.93399000000001,40.797934999999995,11:28:00
6162,756,-73.998047,40.750977,63,-74.013115,40.703587,12:12:00
6167,1099,-73.990746,40.729801,3785,-73.934914,40.79668,08:38:00
6204,642,-74.000702,40.733238,474,-74.004326,40.707832,12:29:00
6235,328,-74.00702700000001,40.711735,2004,-73.974266,40.726109,13:26:00
6286,2830,-73.954277,40.821445000000004,2809,-73.95474200000001,40.783306,13:41:00
6351,2952,-73.95166800000001,40.809490000000004,3253,-73.945145,40.818424,08:52:00
6490,3823,-73.93405899999999,40.802078,3629,-73.938278,40.796314,10:44:00
6863,2761,-73.955864,40.803745,2786,-73.955208,40.820168,12:29:00
6977,2692,-73.957695,40.801231,2587,-73.960037,40.798038,10:00:00
6978,3658,-73.937714,40.792843,3584,-73.939102,40.821606,09:48:00
7102,1672,-73.98060600000001,40.72168,604,-74.001564,40.7173,13:20:00
7200,2490,-73.962357,40.794853,2692,-73.957695,40.801231,10:00:00
7295,131,-74.010529,40.718113,5,-74.01750200000001,40.707623,11:08:00
7312,809,-73.99688,40.759357,559,-74.002426,40.755074,11:13:00
7315,2928,-73.952209,40.818909000000005,2525,-73.961472,40.798645,13:37:00
7373,3094,-73.94838,40.786495,3097,-73.948326,40.808971,08:37:00
7414,2773,-73.95549799999999,40.819404999999996,3142,-73.947372,40.830902,12:23:00
7430,2860,-73.953476,40.801918,1430,-73.984474,40.720234000000005,13:39:00
7462,3518,-73.94009399999999,40.793839,3635,-73.938133,40.800521999999994,10:02:00
7465,3718,-73.936363,40.798935,3143,-73.94735,40.805214,09:59:00
7485,1327,-73.98655699999999,40.718098,455,-74.004745,40.705231,09:56:00
7497,2304,-73.96769,40.802162,2304,-73.96769,40.802162,09:57:00
7598,2810,-73.95472,40.820831,2747,-73.956261,40.81337,10:05:00
7710,3151,-73.947182,40.830822,3848,-73.93321999999999,40.844906,02:52:00
7720,400,-74.005753,40.737122,3226,-73.94561,40.835163,02:44:00
7751,2660,-73.958275,40.815616999999996,3404,-73.942299,40.817226,09:13:00
7807,3588,-73.939018,40.810856,3238,-73.945328,40.793549,11:23:00
7931,3036,-73.94967700000001,40.802025,2898,-73.952744,40.789169,10:36:00
7971,2730,-73.956749,40.789204,2114,-73.971924,40.799706,10:06:00
8080,2487,-73.962425,40.797348,3447,-73.941475,40.787693,14:00:00
8108,3380,-73.94278,40.827343,3180,-73.946648,40.826527,11:35:00
8189,3019,-73.949997,40.792931,3036,-73.94967700000001,40.802025,09:43:00
8291,2682,-73.957832,40.815155,2875,-73.953079,40.810093,12:40:00
8304,2584,-73.960091,40.808113,2879,-73.953026,40.802532,11:20:00
8370,3142,-73.947372,40.830902,2804,-73.95485699999999,40.80003,09:15:00
8381,3440,-73.94162800000001,40.798615000000005,3493,-73.940559,40.788940000000004,13:35:00
8385,688,-73.99960300000001,40.763027,775,-73.997757,40.765289,13:43:00
8418,2892,-73.95285799999999,40.806709000000005,2892,-73.95285799999999,40.806709000000005,13:35:00
8436,3906,-73.931313,40.859328999999995,3168,-73.946915,40.834949,12:26:00
8447,2100,-73.97229,40.748173,2548,-73.960976,40.796738,14:10:00
8483,2347,-73.966652,40.799129,2448,-73.96347800000001,40.810371,10:08:00
8649,2975,-73.95109599999999,40.800090999999995,2585,-73.960075,40.804707,09:53:00
8657,882,-73.995262,40.719868,1672,-73.98060600000001,40.72168,12:53:00
8786,3385,-73.942719,40.811569,3288,-73.94453399999999,40.809071,11:02:00
8801,3166,-73.946976,40.799960999999996,3206,-73.946053,40.817177,10:58:00
8840,3654,-73.937782,40.796989,2761,-73.955864,40.803745,11:26:00
8924,3124,-73.94768499999999,40.790318,3012,-73.950218,40.811478,13:38:00
9098,2786,-73.955208,40.820168,2805,-73.95483399999999,40.811726,09:55:00
9108,2906,-73.95264399999999,40.803062,3477,-73.940857,40.814106,09:49:00
9146,2921,-73.95238499999999,40.798790000000004,2440,-73.963837,40.808002,11:12:00
9265,801,-73.997063,40.754585,90,-74.011711,40.723,13:27:00
9266,2686,-73.95779399999999,40.81126,2299,-73.967789,40.801296,13:38:00
9354,2818,-73.954536,40.815731,2907,-73.952591,40.810764,12:18:00
9505,3255,-73.945053,40.802601,3143,-73.94735,40.805214,10:41:00
9568,2604,-73.959633,40.801151000000004,3429,-73.941872,40.795414,13:38:00
9573,3129,-73.947632,40.796177,3697,-73.936768,40.802399,10:00:00
9669,3083,-73.948555,40.794909999999994,3083,-73.948555,40.794909999999994,10:53:00
9727,823,-73.996521,40.729553,2749,-73.956161,40.818863,02:44:00
9754,170,-74.009811,40.737553000000005,597,-74.00168599999999,40.715744,02:47:00
9806,3487,-73.94064300000001,40.805737,3220,-73.94569399999999,40.796181,11:35:00
9929,3568,-73.939293,40.801811,3141,-73.947372,40.810276,10:46:00
9990,714,-73.998985,40.763603,714,-73.998985,40.763603,03:03:00
10043,3487,-73.94064300000001,40.805737,3257,-73.944992,40.808445,12:43:00
10059,2495,-73.962212,40.810577,3310,-73.944084,40.809692,12:48:00
10103,309,-74.007362,40.710587,1352,-73.98590899999999,40.719337,13:41:00
10106,2515,-73.961708,40.811268,2035,-73.973648,40.79715,09:40:00
10139,3351,-73.943382,40.799358000000005,3385,-73.942719,40.811569,09:32:00
10168,2525,-73.961472,40.798645,3036,-73.94967700000001,40.802025,11:00:00
10221,3078,-73.948738,40.829025,3288,-73.94453399999999,40.809071,12:42:00
10300,2936,-73.952072,40.792969,2728,-73.956795,40.821709000000006,11:53:00
10320,3623,-73.93836999999999,40.80307,3362,-73.943169,40.810944,11:30:00
10329,3445,-73.941505,40.791908,2928,-73.952209,40.818909000000005,11:23:00
10363,2972,-73.951164,40.810173,3794,-73.934776,40.852058,12:11:00
10459,3036,-73.94967700000001,40.802025,3785,-73.934914,40.79668,08:58:00
10460,2495,-73.962212,40.810577,2299,-73.967789,40.801296,10:52:00
10474,63,-74.013115,40.703587,213,-74.008881,40.718272999999996,10:44:00
10527,2610,-73.959496,40.817005,2932,-73.952126,40.808861,09:29:00
10575,1358,-73.98577900000001,40.780315,2134,-73.971458,40.800335,12:42:00
10588,2688,-73.957787,40.80048,2688,-73.957787,40.80048,10:00:00
10714,2917,-73.952461,40.799843,3683,-73.93718,40.819145,09:28:00
10789,2972,-73.951164,40.810173,3310,-73.944084,40.809692,11:06:00
10855,3365,-73.943146,40.849911,3365,-73.943146,40.849911,11:36:00
10891,2515,-73.961708,40.811268,3964,-73.928398,40.865631,12:35:00
11006,3103,-73.948151,40.78968,1448,-73.984085,40.785297,13:27:00
11121,2824,-73.954414,40.805725,2858,-73.953499,40.806979999999996,10:38:00
11149,2907,-73.952591,40.810764,2907,-73.952591,40.810764,09:37:00
11186,3036,-73.94967700000001,40.802025,3762,-73.935425,40.795986,10:06:00
11190,3837,-73.933571,40.802753,3190,-73.946465,40.800667,10:08:00
11247,131,-74.010529,40.718113,555,-74.00251,40.7276,12:04:00
11395,2997,-73.95060699999999,40.826465999999996,2123,-73.971725,40.794613,11:57:00
11437,3032,-73.949699,40.797084999999996,3257,-73.944992,40.808445,11:25:00
11588,3404,-73.942299,40.817226,2937,-73.952034,40.803898,10:39:00
11654,2424,-73.964287,40.802368,3408,-73.942245,40.812202,12:34:00
11725,251,-74.008301,40.723976,228,-74.00864399999999,40.70734,12:55:00
11811,1198,-73.988991,40.718845,737,-73.998489,40.715633000000004,02:59:00
11980,2515,-73.961708,40.811268,2108,-73.972176,40.743159999999996,13:25:00
12011,1728,-73.979401,40.749557,1368,-73.985489,40.747169,09:17:00
12037,3371,-73.943001,40.802559,3634,-73.938202,40.792179,09:23:00
12044,3245,-73.945259,40.782551,3245,-73.945259,40.782551,10:10:00
12061,3470,-73.941025,40.792561,3059,-73.94916500000001,40.790943,13:06:00
12207,2674,-73.957962,40.800872999999996,2585,-73.960075,40.804707,10:20:00
12240,3097,-73.948326,40.808971,809,-73.99688,40.759357,09:52:00
12302,2997,-73.95060699999999,40.826465999999996,2580,-73.96015200000001,40.819702,11:29:00
12367,41,-74.014297,40.716991,511,-74.00353199999999,40.717449,13:09:00
12497,3680,-73.937256,40.793468,2317,-73.967377,40.806126,12:44:00
12539,3405,-73.942299,40.837841,3099,-73.94828000000001,40.829654999999995,09:22:00
12599,3036,-73.94967700000001,40.802025,2907,-73.952591,40.810764,02:59:00
12661,3476,-73.940865,40.808334,2906,-73.95264399999999,40.803062,10:36:00
12675,1494,-73.983299,40.784351,2259,-73.968597,40.801655,13:04:00
12707,1278,-73.98738900000001,40.718357,2556,-73.960686,40.814194,02:41:00
12806,3762,-73.935425,40.795986,3036,-73.94967700000001,40.802025,09:20:00
12837,3178,-73.946701,40.797451,3487,-73.94064300000001,40.805737,10:37:00
12846,2609,-73.95953399999999,40.798716999999996,3404,-73.942299,40.817226,10:49:00
12875,3118,-73.947838,40.809643,3603,-73.93869000000001,40.827251000000004,13:30:00
12897,1873,-73.976517,40.754974,309,-74.007362,40.710587,12:48:00
13016,2744,-73.956322,40.803115999999996,3231,-73.94548,40.807774,09:42:00
13056,951,-73.994019,40.709484,406,-74.0056,40.710396,13:10:00
13115,2708,-73.957291,40.804344,2688,-73.957787,40.80048,10:50:00
13129,15,-74.01651,40.704803000000005,688,-73.99960300000001,40.763027,13:29:00
13154,3578,-73.939178,40.848694,3532,-73.939903,40.841141,12:50:00
13192,3078,-73.948738,40.829025,3610,-73.93860600000001,40.801525,09:54:00
13342,2284,-73.96803299999999,40.797249,2284,-73.96803299999999,40.797249,12:02:00
13356,3360,-73.943207,40.815975,2682,-73.957832,40.815155,11:04:00
13360,3806,-73.93445600000001,40.801418,3762,-73.935425,40.795986,11:12:00
13585,3762,-73.935425,40.795986,3013,-73.950195,40.806412,12:00:00
13589,2603,-73.95965600000001,40.820328,2830,-73.954277,40.821445000000004,12:04:00
13595,3098,-73.948311,40.79813,3823,-73.93405899999999,40.802078,11:16:00
13710,3578,-73.939178,40.848694,3924,-73.930771,40.860640999999994,11:31:00
13741,3360,-73.943207,40.815975,3555,-73.93956800000001,40.820965,10:49:00
13749,3434,-73.941772,40.807091,3531,-73.939911,40.815403,10:04:00
13868,2974,-73.951111,40.794284999999995,3849,-73.933174,40.795033000000004,14:02:00
13971,170,-74.009811,40.737553000000005,154,-74.010025,40.725262,11:30:00
14073,69,-74.012917,40.716396,694,-73.99945100000001,40.717331,13:45:00
14117,1640,-73.98114,40.787693,2282,-73.968048,40.804684,12:28:00
14193,511,-74.00353199999999,40.717449,188,-74.00936899999999,40.708614000000004,13:34:00
14314,3033,-73.949692,40.796219,3849,-73.933174,40.795033000000004,13:00:00
14378,3306,-73.944183,40.792248,3235,-73.945358,40.799285999999995,09:32:00
14417,3407,-73.942261,40.806416,3085,-73.94854699999999,40.828945000000004,11:00:00
14419,3129,-73.947632,40.796177,3129,-73.947632,40.796177,11:02:00
14438,648,-74.000626,40.719551,241,-74.008415,40.70953,08:51:00
14598,3280,-73.944672,40.791573,3842,-73.933311,40.855335,12:35:00
14739,2074,-73.972931,40.794253999999995,1608,-73.981636,40.767651,12:42:00
14875,2140,-73.971313,40.792751,3365,-73.943146,40.849911,08:36:00
14881,2406,-73.964752,40.801731,3936,-73.93,40.849312,09:34:00
14893,2686,-73.95779399999999,40.81126,2410,-73.964607,40.808929,14:17:00
14910,694,-73.99945100000001,40.717331,326,-74.00705,40.703751000000004,13:36:00
15151,3850,-73.933083,40.803425,3118,-73.947838,40.809643,13:21:00
15187,2299,-73.967789,40.801296,2825,-73.954391,40.800659,10:32:00
15240,1143,-73.989952,40.716972,2347,-73.966652,40.799129,14:27:00
15277,2884,-73.95295,40.808395000000004,2609,-73.95953399999999,40.798716999999996,13:03:00
15289,2284,-73.96803299999999,40.797249,3054,-73.949303,40.812729,09:54:00
15471,3106,-73.94809000000001,40.824551,3029,-73.94976,40.812103,10:35:00
15833,2495,-73.962212,40.810577,3305,-73.944191,40.814632,15:39:00
15860,3336,-73.943703,40.815308,2570,-73.960365,40.817947,14:04:00
15942,3100,-73.948273,40.803959000000006,3589,-73.938988,40.816662,13:07:00
15950,3255,-73.945053,40.802601,2639,-73.95871700000001,40.810005,11:05:00
16020,3139,-73.947464,40.787754,2906,-73.95264399999999,40.803062,10:33:00
16038,2724,-73.956818,40.812607,2748,-73.9562,40.760979,13:17:00
16083,2495,-73.962212,40.810577,4006,-73.92343100000001,40.868687,10:07:00
16111,2692,-73.957695,40.801231,3137,-73.947487,40.815208,10:09:00
16121,2495,-73.962212,40.810577,3097,-73.948326,40.808971,13:15:00
16269,3583,-73.939133,40.790905,2441,-73.963821,40.797934999999995,12:28:00
16363,2686,-73.95779399999999,40.81126,3404,-73.942299,40.817226,11:31:00
16432,2610,-73.959496,40.817005,444,-74.00496700000001,40.756954,11:25:00
16542,309,-74.007362,40.710587,362,-74.00643199999999,40.709557000000004,15:00:00
16591,3568,-73.939293,40.801811,2906,-73.95264399999999,40.803062,10:54:00
16826,2975,-73.95109599999999,40.800090999999995,3453,-73.941345,40.813438,10:16:00
16883,8,-74.01711999999999,40.707462,69,-74.012917,40.716396,12:23:00
16929,3654,-73.937782,40.796989,2917,-73.952461,40.799843,12:12:00
16972,3407,-73.942261,40.806416,3351,-73.943382,40.799358000000005,13:53:00
17001,451,-74.00482199999999,40.713474,664,-74.000275,40.717621,15:38:00
17125,3187,-73.946541,40.788998,3306,-73.944183,40.792248,10:23:00
17138,2842,-73.953934,40.801289000000004,3310,-73.944084,40.809692,11:31:00
17157,2284,-73.96803299999999,40.797249,2666,-73.958214,40.803093,11:36:00
17281,2906,-73.95264399999999,40.803062,3292,-73.944374,40.829639,10:04:00
17309,3584,-73.939102,40.821606,3099,-73.94828000000001,40.829654999999995,11:01:00
17320,74,-74.01265,40.710136,448,-74.00484499999999,40.718853,12:48:00
17359,2798,-73.954987,40.815109,2825,-73.954391,40.800659,15:38:00
17472,3230,-73.945511,40.801971,2898,-73.952744,40.789169,13:24:00
17485,2786,-73.955208,40.820168,3849,-73.933174,40.795033000000004,13:40:00
17586,16,-74.016441,40.716297,343,-74.006752,40.713619,15:19:00
17598,3570,-73.939255,40.842438,2584,-73.960091,40.808113,10:13:00
17607,3036,-73.94967700000001,40.802025,2489,-73.962379,40.799915000000006,10:14:00
17814,3339,-73.943626,40.810318,2906,-73.95264399999999,40.803062,11:02:00
17881,2866,-73.95324699999999,40.790188,2898,-73.952744,40.789169,12:20:00
17971,3576,-73.93918599999999,40.795071,2505,-73.961998,40.805510999999996,12:39:00
18050,822,-73.996574,40.721171999999996,2729,-73.956779,40.802486,12:49:00
18193,3057,-73.949188,40.8027,3885,-73.931831,40.869267,14:09:00
18327,2825,-73.954391,40.800659,2495,-73.962212,40.810577,10:54:00
18345,622,-74.001175,40.71011,1739,-73.979218,40.720203000000005,10:14:00
18470,3173,-73.94677,40.791561,2747,-73.956261,40.81337,13:37:00
18605,594,-74.001717,40.709438,594,-74.001717,40.709438,14:32:00
18762,1155,-73.98979200000001,40.710094,8,-74.01711999999999,40.707462,14:48:00
18808,3065,-73.949013,40.794281,3288,-73.94453399999999,40.809071,16:14:00
18904,2863,-73.953362,40.822697,2907,-73.952591,40.810764,13:40:00
18988,288,-74.00774399999999,40.71022,1786,-73.97823299999999,40.720673,12:30:00
19082,322,-74.007088,40.728767,351,-74.006592,40.718861,15:13:00
19119,3166,-73.946976,40.799960999999996,2898,-73.952744,40.789169,15:14:00
19138,351,-74.006592,40.718861,474,-74.004326,40.707832,13:21:00
19269,3510,-73.940208,40.800556,3288,-73.94453399999999,40.809071,10:06:00
19374,3143,-73.94735,40.805214,3121,-73.947815,40.804588,14:22:00
19444,400,-74.005753,40.737122,3753,-73.9356,40.857109,10:44:00
19560,1672,-73.98060600000001,40.72168,163,-74.009911,40.738704999999996,12:52:00
19666,1323,-73.986618,40.710464,518,-74.003365,40.710789,12:47:00
19710,3457,-73.941277,40.839240999999994,3653,-73.93779,40.855373,13:58:00
19913,3190,-73.946465,40.800667,2468,-73.962914,40.804253,10:57:00
20047,2907,-73.952591,40.810764,2410,-73.964607,40.808929,14:23:00
20071,3350,-73.94339000000001,40.789314000000005,1714,-73.979729,40.722893,12:34:00
20126,703,-73.999237,40.718914,1734,-73.979286,40.723507,15:08:00
20136,69,-74.012917,40.716396,68,-74.012962,40.707771,14:29:00
20211,2605,-73.959633,40.808746,1917,-73.975693,40.7971,12:54:00
20229,2328,-73.967117,40.7985,3101,-73.94825,40.792194,12:46:00
20243,3722,-73.936256,40.820403999999996,3266,-73.94483199999999,40.829014,10:15:00
20337,2229,-73.969337,40.803653999999995,2304,-73.96769,40.802162,14:29:00
20378,76,-74.012337,40.702751,622,-74.001175,40.71011,11:02:00
20394,3677,-73.937279,40.79768,2916,-73.952484,40.798252000000005,11:08:00
20562,2662,-73.95826,40.810623,3637,-73.938087,40.817902000000004,11:37:00
20666,3232,-73.94548,40.833484999999996,3408,-73.942245,40.812202,14:57:00
20678,3559,-73.939491,40.810207,3586,-73.939064,40.799252,10:14:00
20793,2879,-73.953026,40.802532,2498,-73.96210500000001,40.812252,10:14:00
21056,1919,-73.97567,40.754616,3629,-73.938278,40.796314,13:12:00
21199,3231,-73.94548,40.807774,3640,-73.938034,40.847557,14:59:00
21261,3660,-73.937691,40.848389000000005,2932,-73.952126,40.808861,10:12:00
21398,3455,-73.941315,40.807713,3257,-73.944992,40.808445,13:54:00
21470,2724,-73.956818,40.812607,3489,-73.940598,40.826412,13:21:00
21486,3511,-73.94019300000001,40.835361,3014,-73.950188,40.801331,13:12:00
21513,3253,-73.945145,40.818424,3484,-73.94066600000001,40.799931,11:27:00
21526,2645,-73.958527,40.800694,3284,-73.94459499999999,40.803226,15:40:00
21622,1096,-73.990791,40.728355,1096,-73.990791,40.728355,13:21:00
21868,2907,-73.952591,40.810764,3487,-73.94064300000001,40.805737,12:01:00
21875,2944,-73.951836,40.790421,3257,-73.944992,40.808445,11:02:00
21937,3277,-73.944717,40.783249,2866,-73.95324699999999,40.790188,11:08:00
21976,714,-73.998985,40.763603,559,-74.002426,40.755074,13:22:00
22031,3099,-73.94828000000001,40.829654999999995,473,-74.004372,40.719467,14:27:00
22469,3186,-73.94654799999999,40.816502,3401,-73.942337,40.845333000000004,12:40:00
22552,3194,-73.946281,40.792248,3041,-73.94953199999999,40.787791999999996,15:03:00
22663,3434,-73.941772,40.807091,3036,-73.94967700000001,40.802025,15:11:00
22721,3231,-73.94548,40.807774,2686,-73.95779399999999,40.81126,10:14:00
22750,3236,-73.945351,40.83429,2570,-73.960365,40.817947,14:50:00
22796,2642,-73.958649,40.799984,2609,-73.95953399999999,40.798716999999996,12:45:00
22867,3404,-73.942299,40.817226,3255,-73.945053,40.802601,12:37:00
22917,3015,-73.95015699999999,40.795589,2229,-73.969337,40.803653999999995,13:35:00
22998,2468,-73.962914,40.804253,3115,-73.94794499999999,40.814578999999995,14:27:00
23031,2562,-73.960571,40.812435,2605,-73.959633,40.808746,13:21:00
23250,217,-74.00882,40.716015000000006,511,-74.00353199999999,40.717449,14:21:00
23251,2587,-73.960037,40.798038,2614,-73.959358,40.806121999999995,14:20:00
23252,211,-74.008926,40.731152,21,-74.015831,40.707802,13:55:00
23324,3470,-73.941025,40.792561,3720,-73.93630999999999,40.803024,14:28:00
23381,3248,-73.945229,40.786808,2205,-73.969849,40.789673,15:37:00
23456,3470,-73.941025,40.792561,801,-73.997063,40.754585,13:05:00
23509,333,-74.00695,40.704803000000005,755,-73.998062,40.713707,15:08:00
23534,2515,-73.961708,40.811268,2515,-73.961708,40.811268,12:46:00
23583,2981,-73.950928,40.812576,3440,-73.94162800000001,40.798615000000005,13:21:00
23643,2545,-73.961037,40.818703,2776,-73.95542900000001,40.809428999999994,14:36:00
23734,642,-74.000702,40.733238,3794,-73.934776,40.852058,13:14:00
23735,3248,-73.945229,40.786808,3670,-73.937416,40.810165000000005,13:24:00
23985,2205,-73.969849,40.789673,1619,-73.981445,40.786182000000004,13:07:00
24007,2686,-73.95779399999999,40.81126,2686,-73.95779399999999,40.81126,11:07:00
24048,3210,-73.945961,40.832829,2406,-73.964752,40.801731,10:15:00
24144,513,-74.00350999999999,40.720558000000004,490,-74.003922,40.720039,15:44:00
24454,3559,-73.939491,40.810207,3842,-73.933311,40.855335,10:50:00
24524,2674,-73.957962,40.800872999999996,2952,-73.95166800000001,40.809490000000004,15:08:00
24596,2945,-73.951797,40.824496999999994,2528,-73.96144100000001,40.796112,14:24:00
24666,2434,-73.963936,40.797131,1577,-73.982063,40.77544,14:22:00
24703,2308,-73.967575,40.797871,2882,-73.952988,40.791721,14:08:00
24708,30,-74.0149,40.704754,45,-74.01400799999999,40.712925,14:09:00
24765,3436,-73.941666,40.830158000000004,3281,-73.944649,40.814011,15:43:00
24846,467,-74.004463,40.730721,322,-74.007088,40.728767,14:26:00
24982,2515,-73.961708,40.811268,2862,-73.953362,40.785187,11:28:00
25073,977,-73.993362,40.71907,316,-74.007225,40.713055,11:00:00
25135,998,-73.992859,40.714676000000004,316,-74.007225,40.713055,14:20:00
25159,2505,-73.961998,40.805510999999996,3849,-73.933174,40.795033000000004,14:39:00
25176,3097,-73.948326,40.808971,3849,-73.933174,40.795033000000004,11:01:00
25263,400,-74.005753,40.737122,798,-73.997108,40.717869,14:07:00
25264,68,-74.012962,40.707771,202,-74.009064,40.717265999999995,14:17:00
25444,2027,-73.973907,40.73782,3033,-73.949692,40.796219,12:27:00
25533,2804,-73.95485699999999,40.80003,2489,-73.962379,40.799915000000006,10:15:00
25547,2682,-73.957832,40.815155,3288,-73.94453399999999,40.809071,15:41:00
25608,2846,-73.953812,40.822083,2645,-73.958527,40.800694,15:03:00
25767,2299,-73.967789,40.801296,2090,-73.972527,40.799149,15:45:00
25786,947,-73.994064,40.729977000000005,1488,-73.983398,40.718571000000004,14:15:00
25839,3697,-73.936768,40.802399,3381,-73.942757,40.816601,11:09:00
25845,3381,-73.942757,40.816601,2711,-73.957237,40.801857,11:07:00
25912,556,-74.002502,40.708847,76,-74.012337,40.702751,15:00:00
25964,2593,-73.959785,40.818764,3214,-73.94577,40.832745,13:47:00
26023,3033,-73.949692,40.796219,1413,-73.98477199999999,40.734013,11:30:00
26058,16,-74.016441,40.716297,1394,-73.985077,40.719082,10:08:00
26089,2495,-73.962212,40.810577,3496,-73.94051400000001,40.824757,13:47:00
26191,201,-74.009064,40.705544,190,-74.009331,40.718693,14:31:00
26257,3345,-73.943474,40.796089,3257,-73.944992,40.808445,10:08:00
26584,2918,-73.952446,40.82394,3231,-73.94548,40.807774,14:28:00
26616,30,-74.0149,40.704754,37,-74.01438900000001,40.703598,11:03:00
26622,1313,-73.986755,40.719592999999996,1313,-73.986755,40.719592999999996,11:08:00
26748,2140,-73.971313,40.792751,2431,-73.96401999999999,40.811333000000005,10:15:00
26765,3105,-73.948097,40.795544,3208,-73.945976,40.807097999999996,10:11:00
26831,3058,-73.94918100000001,40.828415,2631,-73.958878,40.820004,13:05:00
27074,2902,-73.95270500000001,40.81823,2937,-73.952034,40.803898,11:46:00
27138,3516,-73.94014,40.803818,3264,-73.944855,40.79998,14:24:00
27227,3325,-73.94388599999999,40.798668,3445,-73.941505,40.791908,14:34:00
27349,81,-74.0121,40.709049,3228,-73.945564,40.812752,12:37:00
27360,3302,-73.944244,40.783909,3862,-73.93264,40.805969,11:13:00
27606,3236,-73.945351,40.83429,3123,-73.947746,40.834324,14:39:00
27700,3576,-73.93918599999999,40.795071,3565,-73.939346,40.841705,15:01:00
27732,3560,-73.939461,40.816029,2422,-73.964302,40.794788,10:50:00
27800,20,-74.015907,40.706657,306,-74.00743100000001,40.726601,15:48:00
27874,3029,-73.94976,40.812103,2747,-73.956261,40.81337,10:23:00
27913,3823,-73.93405899999999,40.802078,3583,-73.939133,40.790905,13:31:00
27933,1210,-73.98867,40.717651000000004,1822,-73.9776,40.738171,14:54:00
27947,2587,-73.960037,40.798038,2869,-73.95317800000001,40.817589,14:58:00
28015,386,-74.00601999999999,40.707905,798,-73.997108,40.717869,14:03:00
28036,81,-74.0121,40.709049,1222,-73.988525,40.721462,15:46:00
28135,3487,-73.94064300000001,40.805737,2479,-73.96257,40.791634,14:24:00
28144,3033,-73.949692,40.796219,2882,-73.952988,40.791721,14:35:00
28190,3453,-73.941345,40.813438,3097,-73.948326,40.808971,11:03:00
28193,2906,-73.95264399999999,40.803062,3215,-73.94574,40.827766,11:01:00
28206,594,-74.001717,40.709438,402,-74.00569200000001,40.706375,13:22:00
28228,191,-74.009315,40.724701,69,-74.012917,40.716396,13:30:00
28231,2605,-73.959633,40.808746,2694,-73.957619,40.80867,10:24:00
28232,3012,-73.950218,40.811478,3676,-73.937279,40.829155,11:07:00
28286,3083,-73.948555,40.794909999999994,2857,-73.95354499999999,40.809464,10:07:00
28346,3654,-73.937782,40.796989,2525,-73.961472,40.798645,11:10:00
28444,3481,-73.940773,40.839928,2410,-73.964607,40.808929,13:06:00
28737,3302,-73.944244,40.783909,3137,-73.947487,40.815208,10:58:00
28807,384,-74.00601999999999,40.750168,3186,-73.94654799999999,40.816502,15:26:00
29016,3906,-73.931313,40.859328999999995,3592,-73.93895,40.849312,15:01:00
29057,3083,-73.948555,40.794909999999994,3476,-73.940865,40.808334,10:21:00
29200,2830,-73.954277,40.821445000000004,3801,-73.934624,40.8545,14:18:00
29442,2495,-73.962212,40.810577,3362,-73.943169,40.810944,13:41:00
29687,2615,-73.959328,40.819382,3455,-73.941315,40.807713,13:44:00
29904,3806,-73.93445600000001,40.801418,3064,-73.949051,40.797108,14:04:00
29935,316,-74.007225,40.713055,3607,-73.93866,40.849979,15:37:00
29986,3856,-73.932762,40.856503000000004,208,-74.008965,40.740715,14:52:00
30032,2489,-73.962379,40.799915000000006,1582,-73.98201800000001,40.776264000000005,15:54:00
30034,3288,-73.94453399999999,40.809071,2045,-73.973579,40.792061,15:44:00
30037,3231,-73.94548,40.807774,2673,-73.957977,40.816368,10:16:00
30195,3588,-73.939018,40.810856,3531,-73.939911,40.815403,11:11:00
30291,3231,-73.94548,40.807774,2502,-73.962021,40.810497,15:11:00
30388,2205,-73.969849,40.789673,2468,-73.962914,40.804253,14:37:00
30398,2936,-73.952072,40.792969,1886,-73.976303,40.794033,14:30:00
30401,1605,-73.981667,40.779495000000004,2711,-73.957237,40.801857,13:59:00
30413,326,-74.00705,40.703751000000004,188,-74.00936899999999,40.708614000000004,14:16:00
30689,2374,-73.96575899999999,40.805446999999994,3227,-73.945595,40.817799,14:37:00
30751,3445,-73.941505,40.791908,2964,-73.951324,40.813568,13:05:00
30764,3116,-73.947937,40.817085,3753,-73.9356,40.857109,14:36:00
30948,13,-74.016754,40.706542999999996,60,-74.013214,40.715199,14:07:00
31033,3583,-73.939133,40.790905,3634,-73.938202,40.792179,16:00:00
31043,2860,-73.953476,40.801918,3331,-73.943779,40.820293,11:42:00
31081,2205,-73.969849,40.789673,2941,-73.951927,40.787163,14:06:00
31083,3122,-73.947762,40.79287,3166,-73.946976,40.799960999999996,14:02:00
31233,2940,-73.951988,40.824577000000005,3231,-73.94548,40.807774,13:53:00
31418,2123,-73.971725,40.794613,3208,-73.945976,40.807097999999996,13:50:00
31438,1186,-73.989159,40.716709,506,-74.003654,40.710964000000004,13:53:00
31629,2761,-73.955864,40.803745,3753,-73.9356,40.857109,14:28:00
31647,2205,-73.969849,40.789673,2149,-73.971222,40.801052,14:40:00
31750,2903,-73.95270500000001,40.803298999999996,2906,-73.95264399999999,40.803062,13:04:00
31795,2727,-73.956795,40.805023,2934,-73.95210300000001,40.811443,13:16:00
31993,3345,-73.943474,40.796089,2930,-73.952179,40.78727,13:31:00
31999,3408,-73.942245,40.812202,3339,-73.943626,40.810318,13:38:00
32072,3553,-73.93960600000001,40.826,3308,-73.94410699999999,40.835373,15:55:00
32093,3279,-73.944687,40.819046,3408,-73.942245,40.812202,16:23:00
32206,2473,-73.962784,40.781528,2051,-73.973434,40.793648,13:51:00
32328,3118,-73.947838,40.809643,3118,-73.947838,40.809643,13:11:00
32461,3724,-73.936226,40.814671000000004,3502,-73.94036899999999,40.814774,13:34:00
32491,2830,-73.954277,40.821445000000004,3213,-73.945786,40.792919,13:28:00
32523,2374,-73.96575899999999,40.805446999999994,3635,-73.938133,40.800521999999994,14:30:00
32531,68,-74.012962,40.707771,616,-74.001343,40.707275,14:39:00
32607,3837,-73.933571,40.802753,2879,-73.953026,40.802532,15:02:00
32743,49,-74.013809,40.717609,49,-74.013809,40.717609,15:01:00
32907,337,-74.00683599999999,40.707859,902,-73.99481999999999,40.73035,16:00:00
32953,5,-74.01750200000001,40.707623,2510,-73.961899,40.795479,14:42:00
32966,3993,-73.92600999999999,40.863575,2824,-73.954414,40.805725,14:56:00
32987,1309,-73.98683199999999,40.737942,2983,-73.95092,40.791676,15:10:00
32997,4090,-73.911568,40.873199,3980,-73.927299,40.865536,15:23:00
33151,3470,-73.941025,40.792561,3184,-73.946609,40.784908,15:11:00
33247,3322,-73.943916,40.830269,2584,-73.960091,40.808113,13:54:00
33258,2045,-73.973579,40.792061,2727,-73.956795,40.805023,12:43:00
33306,2906,-73.95264399999999,40.803062,3890,-73.931763,40.863514,11:29:00
33453,3784,-73.934914,40.800793,3124,-73.94768499999999,40.790318,13:12:00
33693,2500,-73.962036,40.755421000000005,2500,-73.962036,40.755421000000005,13:32:00
34115,3763,-73.93537099999999,40.800163,3191,-73.946442,40.806469,14:36:00
34173,747,-73.99823,40.713229999999996,474,-74.004326,40.707832,13:23:00
34197,317,-74.007202,40.72805,3212,-73.945854,40.838558,15:02:00
34238,2824,-73.954414,40.805725,2744,-73.956322,40.803115999999996,13:15:00
34241,2571,-73.96032,40.803993,2709,-73.957268,40.806915000000004,13:08:00
34436,2902,-73.95270500000001,40.81823,2907,-73.952591,40.810764,15:30:00
34557,2284,-73.96803299999999,40.797249,2013,-73.974098,40.79652,14:43:00
34597,2901,-73.952713,40.823238,3586,-73.939064,40.799252,14:07:00
34610,2223,-73.969406,40.795357,3487,-73.94064300000001,40.805737,16:06:00
34685,131,-74.010529,40.718113,188,-74.00936899999999,40.708614000000004,13:31:00
34791,2473,-73.962784,40.781528,2479,-73.96257,40.791634,15:45:00
34794,3097,-73.948326,40.808971,3002,-73.95047,40.792294,16:00:00
34893,2441,-73.963821,40.797934999999995,3124,-73.94768499999999,40.790318,12:42:00
34942,3231,-73.94548,40.807774,3065,-73.949013,40.794281,14:43:00
35114,2545,-73.961037,40.818703,2730,-73.956749,40.789204,14:03:00
35187,3100,-73.948273,40.803959000000006,3166,-73.946976,40.799960999999996,15:21:00
35232,3403,-73.942337,40.794777,2803,-73.954872,40.805096,14:19:00
35323,2803,-73.954872,40.805096,2809,-73.95474200000001,40.783306,13:19:00
35397,3511,-73.94019300000001,40.835361,3612,-73.938583,40.822311,13:22:00
35462,3806,-73.93445600000001,40.801418,3049,-73.949425,40.796597,13:53:00
35464,3532,-73.939903,40.841141,3926,-73.930603,40.851109,13:56:00
35487,3255,-73.945053,40.802601,2996,-73.950615,40.794964,16:06:00
35828,476,-74.00425,40.710167,1822,-73.9776,40.738171,13:55:00
35995,3280,-73.944672,40.791573,2657,-73.958344,40.800346000000005,13:21:00
36172,97,-74.011566,40.70425,536,-74.003029,40.715590999999996,14:28:00
36191,3279,-73.944687,40.819046,3036,-73.94967700000001,40.802025,13:12:00
36328,2603,-73.95965600000001,40.820328,3215,-73.94574,40.827766,15:38:00
36372,3634,-73.938202,40.792179,3838,-73.933525,40.798588,16:42:00
36493,1734,-73.979286,40.723507,1079,-73.991135,40.714667999999996,15:56:00
36583,3861,-73.932663,40.795730999999996,3445,-73.941505,40.791908,13:57:00
36927,3235,-73.945358,40.799285999999995,3235,-73.945358,40.799285999999995,15:50:00
36934,3064,-73.949051,40.797108,2469,-73.96288299999999,40.796719,14:26:00
37040,755,-73.998062,40.713707,206,-74.008995,40.706951000000004,14:14:00
37346,635,-74.0009,40.748802000000005,2399,-73.96489,40.752495,15:45:00
37487,3150,-73.94723499999999,40.790932,2973,-73.951111,40.805153000000004,16:25:00
37557,556,-74.002502,40.708847,1733,-73.979286,40.71376,16:26:00
37559,2515,-73.961708,40.811268,2562,-73.960571,40.812435,16:25:00
37563,3177,-73.94671600000001,40.819897,2934,-73.95210300000001,40.811443,16:28:00
37633,3445,-73.941505,40.791908,2992,-73.950684,40.810844,13:26:00
37876,59,-74.01326,40.708733,518,-74.003365,40.710789,16:18:00
38063,316,-74.007225,40.713055,1222,-73.988525,40.721462,13:12:00
38066,2489,-73.962379,40.799915000000006,2399,-73.96489,40.752495,13:06:00
38085,2022,-73.97402199999999,40.731018,497,-74.003838,40.710545,16:24:00
38104,2336,-73.96691899999999,40.766605,2898,-73.952744,40.789169,16:29:00
38315,3316,-73.943985,40.843151,2631,-73.958878,40.820004,14:51:00
38356,3371,-73.943001,40.802559,3151,-73.947182,40.830822,14:28:00
38395,3121,-73.947815,40.804588,2916,-73.952484,40.798252000000005,15:15:00
38470,2469,-73.96288299999999,40.796719,2994,-73.950638,40.80072,12:43:00
38648,2657,-73.958344,40.800346000000005,3849,-73.933174,40.795033000000004,13:27:00
38661,3849,-73.933174,40.795033000000004,3184,-73.946609,40.784908,14:06:00
38680,2515,-73.961708,40.811268,1660,-73.98085,40.789253,13:12:00
38901,3445,-73.941505,40.791908,2836,-73.95407900000001,40.816357,13:01:00
38997,431,-74.005188,40.719837,57,-74.013351,40.705025,17:41:00
39053,2803,-73.954872,40.805096,3407,-73.942261,40.806416,13:51:00
39054,2479,-73.96257,40.791634,2479,-73.96257,40.791634,13:56:00
39124,851,-73.995956,40.768044,45,-74.01400799999999,40.712925,13:01:00
39303,3434,-73.941772,40.807091,2749,-73.956161,40.818863,14:59:00
39332,3518,-73.94009399999999,40.793839,3050,-73.949425,40.791058,14:04:00
39382,3762,-73.935425,40.795986,2362,-73.96619399999999,40.799755,13:03:00
39453,1327,-73.98655699999999,40.718098,251,-74.008301,40.723976,12:33:00
39488,2747,-73.956261,40.81337,3856,-73.932762,40.856503000000004,14:41:00
39511,3784,-73.934914,40.800793,3184,-73.946609,40.784908,13:59:00
39555,20,-74.015907,40.706657,45,-74.01400799999999,40.712925,14:12:00
39589,3210,-73.945961,40.832829,3231,-73.94548,40.807774,16:12:00
39593,2548,-73.960976,40.796738,3187,-73.946541,40.788998,16:20:00
39716,2448,-73.96347800000001,40.810371,2448,-73.96347800000001,40.810371,14:22:00
39761,600,-74.00164000000001,40.761318,149,-74.01011700000001,40.738566999999996,12:42:00
39834,3660,-73.937691,40.848389000000005,3425,-73.94193299999999,40.8517,16:03:00
39961,2284,-73.96803299999999,40.797249,2869,-73.95317800000001,40.817589,12:49:00
40021,2548,-73.960976,40.796738,1368,-73.985489,40.747169,16:15:00
40079,3036,-73.94967700000001,40.802025,1961,-73.974976,40.720169,14:02:00
40113,3559,-73.939491,40.810207,3303,-73.944229,40.819672,16:23:00
40254,3327,-73.943855,40.788685,3257,-73.944992,40.808445,15:12:00
40504,3640,-73.938034,40.847557,3957,-73.928719,40.866741,13:52:00
40825,1887,-73.976295,40.746635,2037,-73.97363299999999,40.746311,14:43:00
40835,45,-74.01400799999999,40.712925,161,-74.009918,40.735973,13:49:00
40957,322,-74.007088,40.728767,925,-73.994423,40.716965,14:33:00
41038,3236,-73.945351,40.83429,2074,-73.972931,40.794253999999995,11:03:00
41055,2803,-73.954872,40.805096,2810,-73.95472,40.820831,14:34:00
41131,1727,-73.97940799999999,40.784489,2134,-73.971458,40.800335,13:56:00
41132,431,-74.005188,40.719837,431,-74.005188,40.719837,14:05:00
41219,3092,-73.948418,40.813938,2570,-73.960365,40.817947,13:15:00
41251,2682,-73.957832,40.815155,2972,-73.951164,40.810173,15:22:00
41348,2570,-73.960365,40.817947,3367,-73.9431,40.850224,16:22:00
41384,49,-74.013809,40.717609,208,-74.008965,40.740715,16:10:00
41446,38,-74.014381,40.708225,317,-74.007202,40.72805,13:46:00
41573,2686,-73.95779399999999,40.81126,2487,-73.962425,40.797348,13:52:00
41830,5,-74.01750200000001,40.707623,3447,-73.941475,40.787693,14:44:00
41862,1822,-73.9776,40.738171,2460,-73.96315,40.754238,16:28:00
41893,3493,-73.940559,40.788940000000004,3414,-73.942101,40.803829,13:08:00
41915,2907,-73.952591,40.810764,2787,-73.9552,40.813553000000006,13:15:00
41990,3272,-73.944771,40.787440999999994,1876,-73.976479,40.723079999999996,16:22:00
42044,3236,-73.945351,40.83429,3115,-73.94794499999999,40.814578999999995,16:05:00
42072,694,-73.99945100000001,40.717331,455,-74.004745,40.705231,14:15:00
42100,2877,-73.953041,40.80761,2448,-73.96347800000001,40.810371,12:59:00
42195,2662,-73.95826,40.810623,2974,-73.951111,40.794284999999995,14:27:00
42232,2997,-73.95060699999999,40.826465999999996,1494,-73.983299,40.784351,14:42:00
42280,3277,-73.944717,40.783249,3739,-73.935905,40.795322,14:41:00
42376,57,-74.013351,40.705025,2304,-73.96769,40.802162,14:06:00
42682,5,-74.01750200000001,40.707623,5,-74.01750200000001,40.707623,14:37:00
42784,3522,-73.94005600000001,40.825378,3036,-73.94967700000001,40.802025,16:30:00
42807,326,-74.00705,40.703751000000004,45,-74.01400799999999,40.712925,14:47:00
42948,3532,-73.939903,40.841141,3415,-73.942024,40.84832,16:00:00
43018,333,-74.00695,40.704803000000005,790,-73.997353,40.720703,14:40:00
43080,3568,-73.939293,40.801811,2908,-73.952591,40.802361,16:11:00
43259,2773,-73.95549799999999,40.819404999999996,2304,-73.96769,40.802162,14:38:00
43484,3837,-73.933571,40.802753,2882,-73.952988,40.791721,14:59:00
43591,1104,-73.9907,40.717201,1222,-73.988525,40.721462,16:15:00
43973,322,-74.007088,40.728767,170,-74.009811,40.737553000000005,14:50:00
43988,3568,-73.939293,40.801811,3290,-73.944405,40.794810999999996,17:13:00
44329,375,-74.006226,40.749912,1640,-73.98114,40.787693,14:15:00
44369,2645,-73.958527,40.800694,2284,-73.96803299999999,40.797249,13:58:00
44434,2804,-73.95485699999999,40.80003,3087,-73.94854000000001,40.823935999999996,13:12:00
44445,3124,-73.94768499999999,40.790318,3586,-73.939064,40.799252,14:30:00
44486,3492,-73.940567,40.793182,1331,-73.98644300000001,40.773178,15:09:00
44875,809,-73.99688,40.759357,809,-73.99688,40.759357,14:02:00
44880,3177,-73.94671600000001,40.819897,2899,-73.952721,40.804192,16:32:00
44900,45,-74.01400799999999,40.712925,903,-73.994812,40.757659999999994,14:26:00
44989,2022,-73.97402199999999,40.731018,2548,-73.960976,40.796738,14:44:00
45135,2928,-73.952209,40.818909000000005,3081,-73.948677,40.815692999999996,14:52:00
45189,2468,-73.962914,40.804253,3849,-73.933174,40.795033000000004,17:01:00
45208,3654,-73.937782,40.796989,1645,-73.98107900000001,40.721024,14:26:00
45227,2108,-73.972176,40.743159999999996,2108,-73.972176,40.743159999999996,14:45:00
45274,3597,-73.938828,40.802444,1269,-73.987534,40.716198,15:09:00
45327,2846,-73.953812,40.822083,3856,-73.932762,40.856503000000004,14:39:00
45477,1618,-73.981453,40.714203000000005,977,-73.993362,40.71907,16:24:00
45489,2487,-73.962425,40.797348,2487,-73.962425,40.797348,17:11:00
45543,2296,-73.967834,40.765353999999995,3208,-73.945976,40.807097999999996,18:17:00
45557,2604,-73.959633,40.801151000000004,2282,-73.968048,40.804684,17:31:00
45582,2580,-73.96015200000001,40.819702,298,-74.007568,40.752361,16:45:00
45988,2682,-73.957832,40.815155,3310,-73.944084,40.809692,11:42:00
46065,2747,-73.956261,40.81337,3585,-73.939087,40.800919,14:44:00
46177,2642,-73.958649,40.799984,2642,-73.958649,40.799984,16:36:00
46411,975,-73.993401,40.715354999999995,57,-74.013351,40.705025,18:37:00
46475,3609,-73.938652,40.791557,3122,-73.947762,40.79287,17:09:00
46771,1358,-73.98577900000001,40.780315,2114,-73.971924,40.799706,16:47:00
46941,3184,-73.946609,40.784908,2473,-73.962784,40.781528,18:19:00
47130,3210,-73.945961,40.832829,912,-73.994682,40.770771,18:24:00
47180,664,-74.000275,40.717621,666,-74.000137,40.716202,17:13:00
47252,523,-74.003258,40.720379,790,-73.997353,40.720703,16:07:00
47393,3354,-73.943336,40.785145,2937,-73.952034,40.803898,17:48:00
47432,2580,-73.96015200000001,40.819702,2710,-73.957245,40.809402,16:42:00
47552,467,-74.004463,40.730721,604,-74.001564,40.7173,14:39:00
47564,2657,-73.958344,40.800346000000005,3849,-73.933174,40.795033000000004,14:44:00
47631,2441,-73.963821,40.797934999999995,319,-74.007133,40.706375,18:17:00
47683,2657,-73.958344,40.800346000000005,3487,-73.94064300000001,40.805737,17:08:00
47779,616,-74.001343,40.707275,1391,-73.9851,40.710640000000005,15:33:00
47907,2580,-73.96015200000001,40.819702,3544,-73.939705,40.807034,16:08:00
48000,2282,-73.968048,40.804684,2585,-73.960075,40.804707,11:44:00
48085,3576,-73.93918599999999,40.795071,2037,-73.97363299999999,40.746311,16:45:00
48305,3473,-73.94097099999999,40.824131,3849,-73.933174,40.795033000000004,17:03:00
48512,2732,-73.95661899999999,40.818236999999996,2907,-73.952591,40.810764,16:39:00
48558,2858,-73.953499,40.806979999999996,3499,-73.940475,40.819721,16:59:00
48682,2747,-73.956261,40.81337,3650,-73.93782,40.852127,15:04:00
48717,3602,-73.938698,40.805794,2732,-73.95661899999999,40.818236999999996,13:57:00
49015,2603,-73.95965600000001,40.820328,2114,-73.971924,40.799706,16:37:00
49080,1394,-73.985077,40.719082,1394,-73.985077,40.719082,18:30:00
49189,513,-74.00350999999999,40.720558000000004,465,-74.00455500000001,40.706406,13:54:00
49207,2458,-73.963188,40.771725,1640,-73.98114,40.787693,17:35:00
49265,431,-74.005188,40.719837,1702,-73.979965,40.713974,15:24:00
49310,1006,-73.99274399999999,40.713844,619,-74.001205,40.733845,17:06:00
49406,3277,-73.944717,40.783249,3254,-73.945099,40.813389,15:51:00
49627,3724,-73.936226,40.814671000000004,3345,-73.943474,40.796089,18:32:00
49630,556,-74.002502,40.708847,556,-74.002502,40.708847,18:34:00
49927,790,-73.997353,40.720703,1734,-73.979286,40.723507,17:46:00
49964,2500,-73.962036,40.755421000000005,2399,-73.96489,40.752495,18:13:00
50029,2487,-73.962425,40.797348,3487,-73.94064300000001,40.805737,11:37:00
50101,131,-74.010529,40.718113,1,-74.017944,40.706989,18:32:00
50246,2140,-73.971313,40.792751,3075,-73.94882199999999,40.808292,16:12:00
50248,3492,-73.940567,40.793182,2729,-73.956779,40.802486,16:08:00
50253,2877,-73.953041,40.80761,2877,-73.953041,40.80761,15:59:00
50285,3415,-73.942024,40.84832,3935,-73.930008,40.867805,13:35:00
50309,3284,-73.94459499999999,40.803226,3097,-73.948326,40.808971,17:28:00
50351,3683,-73.93718,40.819145,3645,-73.937927,40.841087,14:30:00
50378,3302,-73.944244,40.783909,3263,-73.944862,40.794182,14:51:00
50420,2642,-73.958649,40.799984,719,-73.99884,40.730667,15:20:00
50492,3079,-73.94873,40.803329,3257,-73.944992,40.808445,14:29:00
50495,3518,-73.94009399999999,40.793839,2916,-73.952484,40.798252000000005,14:48:00
50514,3166,-73.946976,40.799960999999996,3049,-73.949425,40.796597,11:56:00
50663,2448,-73.96347800000001,40.810371,3453,-73.941345,40.813438,15:11:00
50854,2810,-73.95472,40.820831,2786,-73.955208,40.820168,14:47:00
50949,3076,-73.948792,40.797478000000005,3121,-73.947815,40.804588,16:35:00
50998,3431,-73.941826,40.83849,3038,-73.949646,40.827785,18:24:00
51043,3162,-73.947037,40.81583,3861,-73.932663,40.795730999999996,11:39:00
51089,15,-74.01651,40.704803000000005,822,-73.996574,40.721171999999996,18:26:00
51103,2410,-73.964607,40.808929,3722,-73.936256,40.820403999999996,14:41:00
51122,2838,-73.95401,40.811371,2431,-73.96401999999999,40.811333000000005,17:13:00
51141,3219,-73.945709,40.786156,594,-74.001717,40.709438,16:33:00
51334,3064,-73.949051,40.797108,2688,-73.957787,40.80048,14:51:00
51343,2830,-73.954277,40.821445000000004,2660,-73.958275,40.815616999999996,16:02:00
51396,3033,-73.949692,40.796219,3762,-73.935425,40.795986,14:44:00
51515,2997,-73.95060699999999,40.826465999999996,3123,-73.947746,40.834324,18:25:00
51540,3484,-73.94066600000001,40.799931,2761,-73.955864,40.803745,11:47:00
51549,594,-74.001717,40.709438,2907,-73.952591,40.810764,16:51:00
51650,2645,-73.958527,40.800694,3290,-73.944405,40.794810999999996,16:11:00
51679,210,-74.008942,40.717926,1876,-73.976479,40.723079999999996,16:35:00
51715,2284,-73.96803299999999,40.797249,2798,-73.954987,40.815109,16:43:00
51741,241,-74.008415,40.70953,448,-74.00484499999999,40.718853,12:48:00
51772,2562,-73.960571,40.812435,2810,-73.95472,40.820831,16:44:00
51773,3231,-73.94548,40.807774,3121,-73.947815,40.804588,16:47:00
51953,2824,-73.954414,40.805725,2666,-73.958214,40.803093,16:52:00
52027,68,-74.012962,40.707771,1368,-73.985489,40.747169,15:58:00
52238,2945,-73.951797,40.824496999999994,3515,-73.94014,40.827038,17:49:00
52278,2604,-73.959633,40.801151000000004,3021,-73.94998199999999,40.78717,15:18:00
52484,2515,-73.961708,40.811268,3036,-73.94967700000001,40.802025,14:50:00
52516,3304,-73.944199,40.780487,455,-74.004745,40.705231,16:05:00
52593,2621,-73.95926700000001,40.759285,2944,-73.951836,40.790421,16:03:00
52642,3036,-73.94967700000001,40.802025,2992,-73.950684,40.810844,16:51:00
52677,2431,-73.96401999999999,40.811333000000005,3947,-73.929604,40.852474,11:41:00
52679,3054,-73.949303,40.812729,3012,-73.950218,40.811478,11:43:00
52838,156,-74.00999499999999,40.717377,20,-74.015907,40.706657,16:44:00
52994,473,-74.004372,40.719467,1050,-73.991798,40.716171,18:13:00
53020,2972,-73.951164,40.810173,2711,-73.957237,40.801857,16:47:00
53171,685,-73.999634,40.753918,903,-73.994812,40.757659999999994,15:48:00
53186,3245,-73.945259,40.782551,3399,-73.942398,40.786438000000004,17:38:00
53279,2051,-73.973434,40.793648,2468,-73.962914,40.804253,18:36:00
53561,2304,-73.96769,40.802162,3351,-73.943382,40.799358000000005,17:09:00
53692,3431,-73.941826,40.83849,3142,-73.947372,40.830902,16:16:00
53736,39,-74.014328,40.706234,1323,-73.986618,40.710464,18:44:00
53754,2584,-73.960091,40.808113,1660,-73.98085,40.789253,15:50:00
53760,911,-73.99470500000001,40.721309999999995,3360,-73.943207,40.815975,15:19:00
53846,3544,-73.939705,40.807034,3592,-73.93895,40.849312,16:42:00
54021,2773,-73.95549799999999,40.819404999999996,3118,-73.947838,40.809643,16:38:00
54036,2495,-73.962212,40.810577,2294,-73.967896,40.800465,16:12:00
54122,2830,-73.954277,40.821445000000004,3257,-73.944992,40.808445,14:52:00
54173,2505,-73.961998,40.805510999999996,2666,-73.958214,40.803093,17:43:00
54202,1714,-73.979729,40.722893,1313,-73.986755,40.719592999999996,15:04:00
54341,2362,-73.96619399999999,40.799755,756,-73.998047,40.750977,17:08:00
54423,1342,-73.986198,40.7169,3720,-73.93630999999999,40.803024,15:59:00
54623,3518,-73.94009399999999,40.793839,3079,-73.94873,40.803329,17:50:00
54671,3607,-73.93866,40.849979,3457,-73.941277,40.839240999999994,14:50:00
54712,2972,-73.951164,40.810173,3662,-73.937637,40.818515999999995,15:26:00
54754,2956,-73.951538,40.825199,2921,-73.95238499999999,40.798790000000004,19:02:00
55242,3762,-73.935425,40.795986,2709,-73.957268,40.806915000000004,16:44:00
55272,3209,-73.94596899999999,40.801342,3214,-73.94577,40.832745,15:25:00
55340,3849,-73.933174,40.795033000000004,3763,-73.93537099999999,40.800163,18:21:00
55373,2059,-73.973152,40.798576000000004,1412,-73.984779,40.782482,15:55:00
55442,3493,-73.940559,40.788940000000004,3349,-73.943436,40.801918,17:28:00
55501,2730,-73.956749,40.789204,1944,-73.975319,40.796135,17:47:00
55513,1871,-73.976578,40.793327000000005,2804,-73.95485699999999,40.80003,17:33:00
55616,3361,-73.94319200000001,40.836613,3842,-73.933311,40.855335,14:43:00
55660,53,-74.01359599999999,40.70797,208,-74.008965,40.740715,17:11:00
55707,2956,-73.951538,40.825199,3031,-73.949715,40.832699,17:19:00
55708,2692,-73.957695,40.801231,1198,-73.988991,40.718845,16:59:00
55718,2525,-73.961472,40.798645,2074,-73.972931,40.794253999999995,17:18:00
55736,1672,-73.98060600000001,40.72168,1944,-73.975319,40.796135,16:29:00
55805,3075,-73.94882199999999,40.808292,1865,-73.9767,40.73941,15:27:00
55815,2724,-73.956818,40.812607,3580,-73.93915600000001,40.833279,15:40:00
56157,2997,-73.95060699999999,40.826465999999996,3031,-73.949715,40.832699,18:22:00
56259,2603,-73.95965600000001,40.820328,3442,-73.941544,40.828445,19:07:00
56353,3287,-73.944565,40.834740000000004,719,-73.99884,40.730667,16:19:00
56454,2505,-73.961998,40.805510999999996,3849,-73.933174,40.795033000000004,17:19:00
56560,3097,-73.948326,40.808971,2903,-73.95270500000001,40.803298999999996,17:58:00
56702,32,-74.014732,40.70982,722,-73.998756,40.718445,17:21:00
56730,490,-74.003922,40.720039,490,-74.003922,40.720039,16:35:00
56735,2981,-73.950928,40.812576,3861,-73.932663,40.795730999999996,16:25:00
56772,3806,-73.93445600000001,40.801418,2968,-73.951263,40.788532000000004,15:57:00
56793,3763,-73.93537099999999,40.800163,3290,-73.944405,40.794810999999996,15:38:00
56882,3173,-73.94677,40.791561,2876,-73.95307199999999,40.814304,16:00:00
56988,2294,-73.967896,40.800465,2956,-73.951538,40.825199,17:26:00
57078,76,-74.012337,40.702751,406,-74.0056,40.710396,17:51:00
57080,465,-74.00455500000001,40.706406,523,-74.003258,40.720379,17:44:00
57150,3032,-73.949699,40.797084999999996,2645,-73.958527,40.800694,15:12:00
57323,3406,-73.942276,40.842155,2974,-73.951111,40.794284999999995,17:40:00
57370,2972,-73.951164,40.810173,2956,-73.951538,40.825199,16:38:00
57428,2692,-73.957695,40.801231,2284,-73.96803299999999,40.797249,17:25:00
57456,2761,-73.955864,40.803745,3453,-73.941345,40.813438,17:17:00
57567,3654,-73.937782,40.796989,3842,-73.933311,40.855335,19:23:00
57616,3103,-73.948151,40.78968,3255,-73.945053,40.802601,16:51:00
57651,2528,-73.96144100000001,40.796112,1180,-73.989243,40.776047,17:48:00
57786,2223,-73.969406,40.795357,2493,-73.96225,40.813713,17:23:00
57888,1394,-73.985077,40.719082,1015,-73.99256899999999,40.712452,11:42:00
57997,900,-73.994858,40.76923,1448,-73.984085,40.785297,16:17:00
58057,431,-74.005188,40.719837,1956,-73.975037,40.734924,16:36:00
58087,3288,-73.94453399999999,40.809071,2556,-73.960686,40.814194,17:27:00
58193,465,-74.00455500000001,40.706406,91,-74.011711,40.713657,17:10:00
58303,1873,-73.976517,40.754974,1368,-73.985489,40.747169,18:01:00
58310,2453,-73.963371,40.803622999999995,2205,-73.969849,40.789673,19:14:00
58311,3740,-73.935898,40.79958,3242,-73.945274,40.825947,19:10:00
58329,2906,-73.95264399999999,40.803062,3227,-73.945595,40.817799,18:32:00
58435,2732,-73.95661899999999,40.818236999999996,3097,-73.948326,40.808971,18:31:00
58458,69,-74.012917,40.716396,692,-73.999557,40.713932,17:17:00
58539,2898,-73.952744,40.789169,3487,-73.94064300000001,40.805737,19:34:00
58606,16,-74.016441,40.716297,1352,-73.98590899999999,40.719337,17:46:00
58702,3281,-73.944649,40.814011,2642,-73.958649,40.799984,11:42:00
58775,2940,-73.951988,40.824577000000005,2747,-73.956261,40.81337,15:01:00
58807,1313,-73.986755,40.719592999999996,189,-74.009354,40.728981,18:35:00
58813,3092,-73.948418,40.813938,2906,-73.95264399999999,40.803062,15:34:00
59175,39,-74.014328,40.706234,99,-74.011528,40.714294,17:29:00
59229,168,-74.009834,40.73695,2278,-73.968109,40.79974,16:52:00
59278,384,-74.00601999999999,40.750168,1728,-73.979401,40.749557,17:31:00
59293,2996,-73.950615,40.794964,3416,-73.942017,40.842812,17:04:00
59318,2580,-73.96015200000001,40.819702,3035,-73.949692,40.830242,17:28:00
59358,1605,-73.981667,40.779495000000004,3058,-73.94918100000001,40.828415,20:12:00
59380,1210,-73.98867,40.717651000000004,1645,-73.98107900000001,40.721024,18:46:00
59397,1269,-73.987534,40.716198,1061,-73.991508,40.721027,15:27:00
59726,3290,-73.944405,40.794810999999996,3033,-73.949692,40.796219,17:25:00
59825,597,-74.00168599999999,40.715744,536,-74.003029,40.715590999999996,16:47:00
59870,3565,-73.939346,40.841705,3532,-73.939903,40.841141,15:40:00
59917,3718,-73.936363,40.798935,3036,-73.94967700000001,40.802025,15:35:00
59932,1605,-73.981667,40.779495000000004,332,-74.006958,40.719105,19:27:00
60098,2645,-73.958527,40.800694,3403,-73.942337,40.794777,17:50:00
60111,2508,-73.961922,40.800545,3507,-73.94027700000001,40.830212,19:28:00
60160,1739,-73.979218,40.720203000000005,1739,-73.979218,40.720203000000005,19:13:00
60174,3116,-73.947937,40.817085,3149,-73.947243,40.821751,19:07:00
60210,2589,-73.959877,40.77626,1683,-73.98039200000001,40.783119,17:33:00
60227,3823,-73.93405899999999,40.802078,2304,-73.96769,40.802162,16:55:00
60382,1574,-73.982086,40.772202,1660,-73.98085,40.789253,19:05:00
60402,2587,-73.960037,40.798038,2824,-73.954414,40.805725,20:24:00
60540,2410,-73.964607,40.808929,2410,-73.964607,40.808929,18:23:00
60708,3339,-73.943626,40.810318,3475,-73.940865,40.832401000000004,19:21:00
60728,45,-74.01400799999999,40.712925,63,-74.013115,40.703587,18:20:00
60879,2940,-73.951988,40.824577000000005,2950,-73.951729,40.819569,19:13:00
60981,1444,-73.984261,40.71521,1876,-73.976479,40.723079999999996,18:15:00
61017,1605,-73.981667,40.779495000000004,1434,-73.984436,40.783142,16:15:00
61029,3184,-73.946609,40.784908,3184,-73.946609,40.784908,18:14:00
61079,2674,-73.957962,40.800872999999996,3158,-73.947075,40.794289,17:53:00
61086,3248,-73.945229,40.786808,3550,-73.93962900000001,40.794468,17:57:00
61087,280,-74.007866,40.74781,1143,-73.989952,40.716972,17:42:00
61154,165,-74.009872,40.732449,3597,-73.938828,40.802444,18:58:00
61248,3033,-73.949692,40.796219,3184,-73.946609,40.784908,19:08:00
61310,2505,-73.961998,40.805510999999996,2686,-73.95779399999999,40.81126,16:47:00
61445,444,-74.00496700000001,40.756954,444,-74.00496700000001,40.756954,18:00:00
61487,2803,-73.954872,40.805096,3383,-73.942734,40.83725,18:11:00
61511,2627,-73.95908399999999,40.799358000000005,3693,-73.93689,40.855106,17:43:00
61517,1082,-73.991066,40.730042,2100,-73.97229,40.748173,17:56:00
61582,431,-74.005188,40.719837,798,-73.997108,40.717869,17:55:00
61831,3487,-73.94064300000001,40.805737,2952,-73.95166800000001,40.809490000000004,19:14:00
61892,3406,-73.942276,40.842155,3631,-73.93824000000001,40.806419,19:49:00
62075,3263,-73.944862,40.794182,3224,-73.945633,40.790259999999996,16:55:00
62257,2824,-73.954414,40.805725,3501,-73.940407,40.808956,17:58:00
62323,2907,-73.952591,40.810764,2907,-73.952591,40.810764,18:56:00
62372,3254,-73.945099,40.813389,2603,-73.95965600000001,40.820328,18:01:00
62407,2434,-73.963936,40.797131,3473,-73.94097099999999,40.824131,17:30:00
62441,3231,-73.94548,40.807774,2299,-73.967789,40.801296,19:05:00
62538,2453,-73.963371,40.803622999999995,3470,-73.941025,40.792561,18:10:00
63178,1917,-73.975693,40.7971,1509,-73.98307,40.787684999999996,18:54:00
63593,3257,-73.944992,40.808445,2570,-73.960365,40.817947,18:42:00
63604,3075,-73.94882199999999,40.808292,3795,-73.93476899999999,40.814026,18:42:00
63702,3484,-73.94066600000001,40.799931,3764,-73.935364,40.810352,15:36:00
63755,2879,-73.953026,40.802532,2972,-73.951164,40.810173,18:24:00
63824,1619,-73.981445,40.786182000000004,2641,-73.95867199999999,40.802464,17:50:00
63940,2441,-73.963821,40.797934999999995,3753,-73.9356,40.857109,17:24:00
63954,2562,-73.960571,40.812435,2528,-73.96144100000001,40.796112,15:24:00
64194,2508,-73.961922,40.800545,3272,-73.944771,40.787440999999994,18:20:00
64276,2732,-73.95661899999999,40.818236999999996,2728,-73.956795,40.821709000000006,19:16:00
64289,204,-74.009026,40.705311,60,-74.013214,40.715199,18:20:00
64763,2776,-73.95542900000001,40.809428999999994,1338,-73.98625899999999,40.772255,19:10:00
64765,3429,-73.941872,40.795414,3429,-73.941872,40.795414,19:15:00
64840,2716,-73.956985,40.762417,2205,-73.969849,40.789673,19:00:00
64862,3613,-73.938538,40.817284,3417,-73.942009,40.832882,20:08:00
64936,178,-74.009651,40.722786,523,-74.003258,40.720379,15:24:00
65359,3429,-73.941872,40.795414,3231,-73.94548,40.807774,19:05:00
65392,3629,-73.938278,40.796314,3103,-73.948151,40.78968,11:50:00
65470,1660,-73.98085,40.789253,1358,-73.98577900000001,40.780315,16:53:00
65562,3693,-73.93689,40.855106,2415,-73.964424,40.810757,17:25:00
65616,76,-74.012337,40.702751,714,-73.998985,40.763603,15:48:00
65645,664,-74.000275,40.717621,1347,-73.986122,40.73764,20:15:00
65998,59,-74.01326,40.708733,221,-74.008781,40.731873,17:28:00
66087,444,-74.00496700000001,40.756954,444,-74.00496700000001,40.756954,18:14:00
66128,2724,-73.956818,40.812607,3408,-73.942245,40.812202,19:36:00
66339,448,-74.00484499999999,40.718853,448,-74.00484499999999,40.718853,18:23:00
66369,3124,-73.94768499999999,40.790318,3366,-73.943108,40.799244,20:24:00
66703,3106,-73.94809000000001,40.824551,3280,-73.944672,40.791573,17:49:00
66735,1391,-73.9851,40.710640000000005,32,-74.014732,40.70982,19:07:00
66812,2584,-73.960091,40.808113,2562,-73.960571,40.812435,18:48:00
67141,3476,-73.940865,40.808334,3501,-73.940407,40.808956,19:02:00
67224,2997,-73.95060699999999,40.826465999999996,3607,-73.93866,40.849979,17:50:00
67565,3097,-73.948326,40.808971,3242,-73.945274,40.825947,18:53:00
67578,38,-74.014381,40.708225,28,-74.015182,40.708523,18:16:00
67629,920,-73.994522,40.713696,453,-74.004776,40.708408,16:16:00
67655,448,-74.00484499999999,40.718853,448,-74.00484499999999,40.718853,18:12:00
67675,2453,-73.963371,40.803622999999995,3190,-73.946465,40.800667,17:21:00
67708,3715,-73.93639399999999,40.849540999999995,3565,-73.939346,40.841705,19:06:00
67867,1186,-73.989159,40.716709,368,-74.006355,40.722588,19:11:00
68014,2627,-73.95908399999999,40.799358000000005,3253,-73.945145,40.818424,18:42:00
68184,3493,-73.940559,40.788940000000004,3350,-73.94339000000001,40.789314000000005,19:37:00
68392,3447,-73.941475,40.787693,2881,-73.95300300000001,40.809238,17:20:00
68538,25,-74.015518,40.707676,443,-74.004974,40.715759000000006,17:30:00
68548,1683,-73.98039200000001,40.783119,1022,-73.992378,40.715046,18:16:00
68648,703,-73.999237,40.718914,3203,-73.946083,40.789639,17:11:00
68692,2830,-73.954277,40.821445000000004,2584,-73.960091,40.808113,18:24:00
69176,251,-74.008301,40.723976,66,-74.013,40.703098,18:53:00
69181,2308,-73.967575,40.797871,2912,-73.95253000000001,40.826423999999996,17:32:00
69380,3319,-73.943939,40.795448,3666,-73.937508,40.806919,18:48:00
69391,556,-74.002502,40.708847,794,-73.997299,40.713467,18:36:00
69402,2123,-73.971725,40.794613,1975,-73.974815,40.735935,18:27:00
69446,2682,-73.957832,40.815155,3450,-73.94139100000001,40.81847,19:20:00
69490,3019,-73.949997,40.792931,3597,-73.938828,40.802444,18:25:00
69764,2652,-73.958412,40.815773,2652,-73.958412,40.815773,19:46:00
70058,406,-74.0056,40.710396,98,-74.011551,40.70499,18:00:00
70096,3287,-73.944565,40.834740000000004,3662,-73.937637,40.818515999999995,19:53:00
70164,3277,-73.944717,40.783249,3277,-73.944717,40.783249,17:00:00
70184,2515,-73.961708,40.811268,2952,-73.95166800000001,40.809490000000004,15:46:00
70201,199,-74.00909399999999,40.72599,851,-73.995956,40.768044,17:31:00
70224,3502,-73.94036899999999,40.814774,3266,-73.94483199999999,40.829014,17:00:00
70261,2510,-73.961899,40.795479,3257,-73.944992,40.808445,17:17:00
70362,2510,-73.961899,40.795479,3075,-73.94882199999999,40.808292,18:12:00
70382,1201,-73.98891400000001,40.729904,1085,-73.99101999999999,40.723656,18:54:00
70460,1042,-73.992012,40.716236,455,-74.004745,40.705231,17:23:00
70466,3186,-73.94654799999999,40.816502,2779,-73.955383,40.806953,18:12:00
70585,3173,-73.94677,40.791561,2955,-73.95156899999999,40.804527,18:40:00
70705,3257,-73.944992,40.808445,3385,-73.942719,40.811569,15:48:00
70735,228,-74.00864399999999,40.70734,755,-73.998062,40.713707,19:17:00
70802,326,-74.00705,40.703751000000004,960,-73.993774,40.712357,17:21:00
70844,2074,-73.972931,40.794253999999995,2641,-73.95867199999999,40.802464,18:06:00
71053,3290,-73.944405,40.794810999999996,3366,-73.943108,40.799244,19:18:00
71076,1368,-73.985489,40.747169,2898,-73.952744,40.789169,17:21:00
71161,756,-73.998047,40.750977,1128,-73.990234,40.718123999999996,18:25:00
71198,2515,-73.961708,40.811268,4014,-73.921883,40.865101,19:03:00
71218,3339,-73.943626,40.810318,2615,-73.959328,40.819382,17:49:00
71259,2545,-73.961037,40.818703,2804,-73.95485699999999,40.80003,18:04:00
71353,1186,-73.989159,40.716709,822,-73.996574,40.721171999999996,18:35:00
71773,2902,-73.95270500000001,40.81823,3492,-73.940567,40.793182,18:04:00
71881,822,-73.996574,40.721171999999996,140,-74.010269,40.732006,18:58:00
71940,3602,-73.938698,40.805794,3823,-73.93405899999999,40.802078,19:18:00
71975,2205,-73.969849,40.789673,2205,-73.969849,40.789673,17:01:00
71995,2830,-73.954277,40.821445000000004,3487,-73.94064300000001,40.805737,19:54:00
71998,3190,-73.946465,40.800667,2824,-73.954414,40.805725,20:00:00
72091,38,-74.014381,40.708225,187,-74.009422,40.724087,18:22:00
72454,2615,-73.959328,40.819382,3228,-73.945564,40.812752,18:41:00
72497,3321,-73.943916,40.835289,2727,-73.956795,40.805023,18:41:00
72995,201,-74.009064,40.705544,652,-74.00052600000001,40.752689000000004,18:34:00
73044,3064,-73.949051,40.797108,2999,-73.950546,40.789055,19:59:00
73089,2299,-73.967789,40.801296,2763,-73.955833,40.799213,20:21:00
73091,3407,-73.942261,40.806416,3683,-73.93718,40.819145,20:21:00
73104,1686,-73.980331,40.726279999999996,755,-73.998062,40.713707,19:49:00
73289,3280,-73.944672,40.791573,2645,-73.958527,40.800694,18:57:00
73291,2328,-73.967117,40.7985,2825,-73.954391,40.800659,18:56:00
73304,704,-73.999191,40.759487,1734,-73.979286,40.723507,18:47:00
73335,2662,-73.95826,40.810623,3097,-73.948326,40.808971,19:51:00
73359,2427,-73.96418,40.770363,3429,-73.941872,40.795414,18:58:00
73367,3173,-73.94677,40.791561,2921,-73.95238499999999,40.798790000000004,19:08:00
73455,2627,-73.95908399999999,40.799358000000005,2304,-73.96769,40.802162,18:04:00
73597,3287,-73.944565,40.834740000000004,3627,-73.938301,40.853786,18:41:00
73626,2495,-73.962212,40.810577,2317,-73.967377,40.806126,18:50:00
73640,3141,-73.947372,40.810276,3588,-73.939018,40.810856,18:56:00
73729,3406,-73.942276,40.842155,2972,-73.951164,40.810173,17:23:00
73767,3231,-73.94548,40.807774,2803,-73.954872,40.805096,17:07:00
73787,3139,-73.947464,40.787754,2668,-73.95818299999999,40.805595000000004,19:59:00
73873,2898,-73.952744,40.789169,3597,-73.938828,40.802444,19:07:00
73926,2944,-73.951836,40.790421,3805,-73.93445600000001,40.797309999999996,16:57:00
74263,3559,-73.939491,40.810207,3036,-73.94967700000001,40.802025,19:20:00
74327,851,-73.995956,40.768044,1211,-73.98865500000001,40.779305,20:03:00
74420,3382,-73.942757,40.805744,3015,-73.95015699999999,40.795589,20:44:00
74527,2803,-73.954872,40.805096,3219,-73.945709,40.786156,20:20:00
74549,2406,-73.964752,40.801731,2907,-73.952591,40.810764,19:50:00
74621,1577,-73.982063,40.77544,2565,-73.96051,40.799953,20:00:00
74844,2290,-73.967941,40.751354,685,-73.999634,40.753918,18:09:00
74890,3236,-73.945351,40.83429,3345,-73.943474,40.796089,16:47:00
75028,2729,-73.956779,40.802486,2824,-73.954414,40.805725,17:18:00
75031,1269,-73.987534,40.716198,20,-74.015907,40.706657,16:42:00
75193,21,-74.015831,40.707802,900,-73.994858,40.76923,19:50:00
75231,3210,-73.945961,40.832829,2946,-73.951767,40.812939,19:12:00
75518,2846,-73.953812,40.822083,3709,-73.936577,40.857349,19:29:00
75698,2440,-73.963837,40.808002,2194,-73.970047,40.802265000000006,18:13:00
75719,2761,-73.955864,40.803745,3583,-73.939133,40.790905,20:15:00
75788,476,-74.00425,40.710167,1323,-73.986618,40.710464,19:47:00
75851,2290,-73.967941,40.751354,3493,-73.940559,40.788940000000004,17:01:00
75939,2123,-73.971725,40.794613,3379,-73.942802,40.794132,19:22:00
75951,2468,-73.962914,40.804253,3280,-73.944672,40.791573,17:35:00
75969,2976,-73.95108,40.825813000000004,3190,-73.946465,40.800667,19:39:00
76021,2204,-73.96985600000001,40.797188,3607,-73.93866,40.849979,18:52:00
76275,2580,-73.96015200000001,40.819702,3212,-73.945854,40.838558,16:18:00
76317,2140,-73.971313,40.792751,3314,-73.944016,40.837788,17:34:00
76400,3570,-73.939255,40.842438,3336,-73.943703,40.815308,16:57:00
76595,622,-74.001175,40.71011,622,-74.001175,40.71011,19:23:00
76671,465,-74.00455500000001,40.706406,798,-73.997108,40.717869,19:15:00
76681,452,-74.004784,40.723625,356,-74.006485,40.737549,19:20:00
76693,2803,-73.954872,40.805096,3264,-73.944855,40.79998,18:25:00
77086,2796,-73.955017,40.820087,3633,-73.938225,40.846934999999995,17:03:00
77284,3532,-73.939903,40.841141,2495,-73.962212,40.810577,19:20:00
77394,2652,-73.958412,40.815773,3693,-73.93689,40.855106,17:39:00
77415,2505,-73.961998,40.805510999999996,2336,-73.96691899999999,40.766605,17:31:00
77515,2458,-73.963188,40.771725,2458,-73.963188,40.771725,18:58:00
77521,600,-74.00164000000001,40.761318,597,-74.00168599999999,40.715744,18:38:00
77590,3012,-73.950218,40.811478,3726,-73.936134,40.812119,20:39:00
77611,2562,-73.960571,40.812435,2730,-73.956749,40.789204,18:52:00
77684,2074,-73.972931,40.794253999999995,4015,-73.921677,40.868427000000004,19:07:00
77725,2406,-73.964752,40.801731,808,-73.996902,40.762741,20:17:00
77857,1917,-73.975693,40.7971,1917,-73.975693,40.7971,18:43:00
77952,2490,-73.962357,40.794853,2932,-73.952126,40.808861,19:55:00
77966,217,-74.00882,40.716015000000006,816,-73.99678,40.757832,20:36:00
78134,3103,-73.948151,40.78968,3103,-73.948151,40.78968,19:45:00
78226,2610,-73.959496,40.817005,3431,-73.941826,40.83849,19:17:00
78265,2992,-73.950684,40.810844,2675,-73.95794699999999,40.808052,17:31:00
78275,490,-74.003922,40.720039,16,-74.016441,40.716297,17:08:00
78367,3208,-73.945976,40.807097999999996,1987,-73.974586,40.72464,20:08:00
78537,1331,-73.98644300000001,40.773178,3178,-73.946701,40.797451,18:02:00
78596,3470,-73.941025,40.792561,1368,-73.985489,40.747169,19:57:00
78683,3098,-73.948311,40.79813,2682,-73.957832,40.815155,19:14:00
78730,3416,-73.942017,40.842812,3672,-73.937363,40.850643,19:08:00
78750,2568,-73.96038100000001,40.775566,3220,-73.94569399999999,40.796181,19:39:00
78907,1186,-73.989159,40.716709,1702,-73.979965,40.713974,21:18:00
79053,3964,-73.928398,40.865631,3579,-73.939178,40.843224,20:26:00
79114,3805,-73.93445600000001,40.797309999999996,3654,-73.937782,40.796989,19:55:00
79115,3288,-73.94453399999999,40.809071,3980,-73.927299,40.865536,19:34:00
79188,3487,-73.94064300000001,40.805737,3949,-73.92939,40.867241,18:44:00
79357,2123,-73.971725,40.794613,2997,-73.95060699999999,40.826465999999996,20:19:00
79425,3403,-73.942337,40.794777,2692,-73.957695,40.801231,21:08:00
79592,2528,-73.96144100000001,40.796112,3310,-73.944084,40.809692,16:59:00
79627,3264,-73.944855,40.79998,3531,-73.939911,40.815403,18:06:00
79756,3173,-73.94677,40.791561,2996,-73.950615,40.794964,18:05:00
79812,3856,-73.932762,40.856503000000004,3760,-73.935425,40.850773,19:49:00
79859,444,-74.00496700000001,40.756954,924,-73.994438,40.770668,19:59:00
79930,2824,-73.954414,40.805725,2326,-73.967148,40.803574,19:18:00
80159,2825,-73.954391,40.800659,3298,-73.944305,40.806393,19:23:00
80195,2204,-73.96985600000001,40.797188,2315,-73.9674,40.806957000000004,21:03:00
80253,3680,-73.937256,40.793468,3838,-73.933525,40.798588,19:08:00
80291,3623,-73.93836999999999,40.80307,3231,-73.94548,40.807774,18:54:00
80391,1500,-73.983177,40.733340999999996,1922,-73.975601,40.724281,18:34:00
80460,882,-73.995262,40.719868,917,-73.994576,40.769909000000006,19:40:00
80497,3294,-73.944351,40.800663,2652,-73.958412,40.815773,21:06:00
80534,2424,-73.964287,40.802368,3490,-73.94059,40.803191999999996,19:54:00
80724,2604,-73.959633,40.801151000000004,2882,-73.952988,40.791721,18:58:00
80791,3476,-73.940865,40.808334,3208,-73.945976,40.807097999999996,19:24:00
80811,2688,-73.957787,40.80048,3331,-73.943779,40.820293,20:49:00
81053,2299,-73.967789,40.801296,3550,-73.93962900000001,40.794468,19:49:00
81361,755,-73.998062,40.713707,91,-74.011711,40.713657,19:02:00
81430,2761,-73.955864,40.803745,2639,-73.95871700000001,40.810005,20:26:00
81454,2205,-73.969849,40.789673,2205,-73.969849,40.789673,17:10:00
81481,1042,-73.992012,40.716236,3825,-73.93399000000001,40.797934999999995,20:50:00
81582,3354,-73.943336,40.785145,2441,-73.963821,40.797934999999995,18:48:00
81595,2919,-73.952415,40.786495,2205,-73.969849,40.789673,21:46:00
81615,2278,-73.968109,40.79974,2876,-73.95307199999999,40.814304,19:47:00
81624,2604,-73.959633,40.801151000000004,2744,-73.956322,40.803115999999996,19:05:00
82170,2944,-73.951836,40.790421,3471,-73.941017,40.788319,19:41:00
82281,1042,-73.992012,40.716236,448,-74.00484499999999,40.718853,20:28:00
82284,1270,-73.987534,40.780231,2410,-73.964607,40.808929,20:28:00
82335,2440,-73.963837,40.808002,3583,-73.939133,40.790905,17:32:00
82436,1331,-73.98644300000001,40.773178,3373,-73.942947,40.823231,19:52:00
82446,3263,-73.944862,40.794182,2968,-73.951263,40.788532000000004,19:53:00
82538,3103,-73.948151,40.78968,1822,-73.9776,40.738171,19:56:00
82589,28,-74.015182,40.708523,138,-74.010338,40.731285,21:04:00
82637,2944,-73.951836,40.790421,3050,-73.949425,40.791058,18:52:00
82650,3290,-73.944405,40.794810999999996,564,-74.00232700000001,40.706707,19:49:00
82710,368,-74.006355,40.722588,368,-74.006355,40.722588,18:00:00
82761,2916,-73.952484,40.798252000000005,3493,-73.940559,40.788940000000004,17:03:00
82977,213,-74.008881,40.718272999999996,750,-73.998199,40.721061999999996,20:02:00
83057,3646,-73.937912,40.803699,3680,-73.937256,40.793468,17:52:00
83132,3118,-73.947838,40.809643,2489,-73.962379,40.799915000000006,17:47:00
83190,3076,-73.948792,40.797478000000005,3699,-73.936752,40.792439,18:56:00
83276,2824,-73.954414,40.805725,3762,-73.935425,40.795986,16:59:00
83330,2603,-73.95965600000001,40.820328,2918,-73.952446,40.82394,18:09:00
83391,343,-74.006752,40.713619,1079,-73.991135,40.714667999999996,17:32:00
83422,1822,-73.9776,40.738171,1822,-73.9776,40.738171,20:12:00
83536,2294,-73.967896,40.800465,3997,-73.925514,40.867134,21:37:00
83624,3245,-73.945259,40.782551,3834,-73.933647,40.801788,17:45:00
83717,362,-74.00643199999999,40.709557000000004,753,-73.998077,40.719582,19:55:00
83912,1412,-73.984779,40.782482,2299,-73.967789,40.801296,18:47:00
83914,3646,-73.937912,40.803699,2716,-73.956985,40.762417,18:43:00
83996,3150,-73.94723499999999,40.790932,3079,-73.94873,40.803329,20:39:00
84046,3677,-73.937279,40.79768,3518,-73.94009399999999,40.793839,21:09:00
84353,453,-74.004776,40.708408,170,-74.009811,40.737553000000005,19:13:00
84764,251,-74.008301,40.723976,467,-74.004463,40.730721,20:37:00
84777,3584,-73.939102,40.821606,3724,-73.936226,40.814671000000004,20:24:00
85107,3036,-73.94967700000001,40.802025,3121,-73.947815,40.804588,21:10:00
85137,2406,-73.964752,40.801731,3613,-73.938538,40.817284,18:06:00
85140,694,-73.99945100000001,40.717331,3500,-73.940437,40.848019,18:10:00
85199,822,-73.996574,40.721171999999996,3470,-73.941025,40.792561,16:41:00
85684,3272,-73.944771,40.787440999999994,1488,-73.983398,40.718571000000004,19:42:00
85811,2907,-73.952591,40.810764,2744,-73.956322,40.803115999999996,19:56:00
85842,2652,-73.958412,40.815773,2700,-73.957458,40.821117,18:13:00
85887,3049,-73.949425,40.796597,2952,-73.95166800000001,40.809490000000004,18:27:00
86125,1413,-73.98477199999999,40.734013,951,-73.994019,40.709484,20:40:00
86185,688,-73.99960300000001,40.763027,2744,-73.956322,40.803115999999996,19:48:00
86254,1313,-73.986755,40.719592999999996,16,-74.016441,40.716297,21:08:00
86281,2440,-73.963837,40.808002,3209,-73.94596899999999,40.801342,20:32:00
86346,3099,-73.94828000000001,40.829654999999995,1106,-73.99063100000001,40.720764,20:12:00
86356,452,-74.004784,40.723625,851,-73.995956,40.768044,20:29:00
86485,2362,-73.96619399999999,40.799755,3257,-73.944992,40.808445,17:28:00
86637,3016,-73.950096,40.827164,3115,-73.94794499999999,40.814578999999995,21:01:00
86683,3057,-73.949188,40.8027,2584,-73.960091,40.808113,20:51:00
86706,3041,-73.94953199999999,40.787791999999996,2473,-73.962784,40.781528,20:10:00
86918,1672,-73.98060600000001,40.72168,28,-74.015182,40.708523,19:00:00
86928,2889,-73.952904,40.823318,2849,-73.953743,40.810368,19:26:00
87089,351,-74.006592,40.718861,505,-74.003654,40.729343,17:47:00
87118,475,-74.00430300000001,40.730446,191,-74.009315,40.724701,19:03:00
87234,1278,-73.98738900000001,40.718357,2004,-73.974266,40.726109,20:01:00
87266,2956,-73.951538,40.825199,2972,-73.951164,40.810173,19:26:00
87339,3142,-73.947372,40.830902,2765,-73.955727,40.822884,20:42:00
87395,3122,-73.947762,40.79287,3178,-73.946701,40.797451,18:55:00
87412,3407,-73.942261,40.806416,2525,-73.961472,40.798645,18:12:00
87441,3271,-73.944778,40.824005,3477,-73.940857,40.814106,19:41:00
87477,3407,-73.942261,40.806416,2686,-73.95779399999999,40.81126,19:06:00
87518,902,-73.99481999999999,40.73035,1083,-73.991066,40.728687,18:18:00
87605,1601,-73.98174300000001,40.746390999999996,2862,-73.953362,40.785187,17:42:00
87735,3254,-73.945099,40.813389,2972,-73.951164,40.810173,17:07:00
87739,2927,-73.952225,40.812317,2700,-73.957458,40.821117,17:07:00
87914,2805,-73.95483399999999,40.811726,3287,-73.944565,40.834740000000004,19:41:00
87917,2473,-73.962784,40.781528,2473,-73.962784,40.781528,19:40:00
87922,3272,-73.944771,40.787440999999994,2700,-73.957458,40.821117,19:36:00
87931,333,-74.00695,40.704803000000005,694,-73.99945100000001,40.717331,19:20:00
87992,60,-74.013214,40.715199,21,-74.015831,40.707802,17:08:00
88153,2803,-73.954872,40.805096,3085,-73.94854699999999,40.828945000000004,21:42:00
88490,2603,-73.95965600000001,40.820328,2603,-73.95965600000001,40.820328,20:04:00
88530,3696,-73.936821,40.798309,3076,-73.948792,40.797478000000005,21:25:00
88763,2266,-73.968468,40.799057,2901,-73.952713,40.823238,19:43:00
88772,2308,-73.967575,40.797871,3360,-73.943207,40.815975,20:00:00
88979,2660,-73.958275,40.815616999999996,3142,-73.947372,40.830902,17:04:00
89016,2123,-73.971725,40.794613,2713,-73.957077,40.8176,22:30:00
89097,63,-74.013115,40.703587,185,-74.009476,40.710415000000005,22:28:00
89220,3492,-73.940567,40.793182,3785,-73.934914,40.79668,21:57:00
89329,2810,-73.95472,40.820831,1956,-73.975037,40.734924,19:15:00
89337,452,-74.004784,40.723625,505,-74.003654,40.729343,23:44:00
89429,2479,-73.96257,40.791634,2805,-73.95483399999999,40.811726,21:54:00
89448,1394,-73.985077,40.719082,794,-73.997299,40.713467,20:29:00
89474,3423,-73.94194,40.829445,3142,-73.947372,40.830902,22:48:00
89590,2747,-73.956261,40.81337,3550,-73.93962900000001,40.794468,18:06:00
89611,2204,-73.96985600000001,40.797188,2204,-73.96985600000001,40.797188,20:53:00
89663,2440,-73.963837,40.808002,2939,-73.952011,40.827061,20:25:00
89711,2830,-73.954277,40.821445000000004,2667,-73.958206,40.803894,21:12:00
89755,443,-74.004974,40.715759000000006,97,-74.011566,40.70425,19:06:00
89810,3696,-73.936821,40.798309,3302,-73.944244,40.783909,20:37:00
89925,76,-74.012337,40.702751,1895,-73.976212,40.727759999999996,20:30:00
90073,316,-74.007225,40.713055,1006,-73.99274399999999,40.713844,22:01:00
90227,594,-74.001717,40.709438,594,-74.001717,40.709438,21:48:00
90260,1198,-73.988991,40.718845,1230,-73.988365,40.716446000000005,21:52:00
90304,322,-74.007088,40.728767,3186,-73.94654799999999,40.816502,23:21:00
90332,465,-74.00455500000001,40.706406,41,-74.014297,40.716991,18:14:00
90382,3492,-73.940567,40.793182,3490,-73.94059,40.803191999999996,21:51:00
90397,2838,-73.95401,40.811371,2928,-73.952209,40.818909000000005,22:01:00
90433,3445,-73.941505,40.791908,3462,-73.941124,40.799301,21:56:00
90720,2682,-73.957832,40.815155,3096,-73.948357,40.816376,21:48:00
90826,3439,-73.94163499999999,40.843437,3106,-73.94809000000001,40.824551,21:13:00
90888,2906,-73.95264399999999,40.803062,2889,-73.952904,40.823318,21:57:00
90919,2587,-73.960037,40.798038,3522,-73.94005600000001,40.825378,22:45:00
91034,2603,-73.95965600000001,40.820328,2603,-73.95965600000001,40.820328,20:13:00
91066,2406,-73.964752,40.801731,2830,-73.954277,40.821445000000004,22:33:00
91142,1652,-73.98092700000001,40.714264,188,-74.00936899999999,40.708614000000004,19:30:00
91245,694,-73.99945100000001,40.717331,337,-74.00683599999999,40.707859,20:07:00
91369,3462,-73.941124,40.799301,3502,-73.94036899999999,40.814774,23:14:00
91370,3556,-73.939522,40.847839,1728,-73.979401,40.749557,20:46:00
91381,2205,-73.969849,40.789673,1391,-73.9851,40.710640000000005,20:05:00
91412,1702,-73.979965,40.713974,1702,-73.979965,40.713974,21:25:00
91419,1006,-73.99274399999999,40.713844,2599,-73.959717,40.815525,21:27:00
91432,2711,-73.957237,40.801857,2952,-73.95166800000001,40.809490000000004,22:22:00
91796,2747,-73.956261,40.81337,3431,-73.941826,40.83849,21:22:00
91877,2424,-73.964287,40.802368,3683,-73.93718,40.819145,23:00:00
91928,2374,-73.96575899999999,40.805446999999994,1944,-73.975319,40.796135,22:28:00
92101,2336,-73.96691899999999,40.766605,2100,-73.97229,40.748173,19:01:00
92236,476,-74.00425,40.710167,3231,-73.94548,40.807774,21:51:00
92387,3457,-73.941277,40.839240999999994,3964,-73.928398,40.865631,18:26:00
92481,1096,-73.990791,40.728355,2804,-73.95485699999999,40.80003,22:23:00
92511,3471,-73.941017,40.788319,3518,-73.94009399999999,40.793839,21:12:00
92627,2278,-73.968109,40.79974,3203,-73.946083,40.789639,20:01:00
92657,1660,-73.98085,40.789253,1660,-73.98085,40.789253,21:14:00
92665,1728,-73.979401,40.749557,2002,-73.974304,40.745796,21:54:00
92717,2836,-73.95407900000001,40.816357,3118,-73.947838,40.809643,23:32:00
92958,1171,-73.989471,40.717892,536,-74.003029,40.715590999999996,21:13:00
92964,808,-73.996902,40.762741,3594,-73.93888100000001,40.842265999999995,22:26:00
92995,2434,-73.963936,40.797131,2930,-73.952179,40.78727,20:41:00
93554,1500,-73.983177,40.733340999999996,1645,-73.98107900000001,40.721024,20:05:00
93575,3004,-73.950417,40.826384999999995,2729,-73.956779,40.802486,17:32:00
93666,3163,-73.946999,40.788383,3492,-73.940567,40.793182,18:14:00
93696,2660,-73.958275,40.815616999999996,3637,-73.938087,40.817902000000004,23:35:00
93700,2962,-73.95137,40.791046,3178,-73.946701,40.797451,23:41:00
93736,1919,-73.97567,40.754616,1672,-73.98060600000001,40.72168,21:53:00
93821,3236,-73.945351,40.83429,2823,-73.95446,40.808208,21:05:00
93898,2140,-73.971313,40.792751,3458,-73.94124599999999,40.851383,22:45:00
94003,3900,-73.931389,40.846354999999996,2975,-73.95109599999999,40.800090999999995,19:29:00
94018,3117,-73.947929,40.787109,3609,-73.938652,40.791557,22:37:00
94032,1313,-73.986755,40.719592999999996,1042,-73.992012,40.716236,23:49:00
94037,3459,-73.941231,40.801819,3030,-73.949738,40.807041,23:47:00
94055,3629,-73.938278,40.796314,3319,-73.943939,40.795448,17:49:00
94069,3724,-73.936226,40.814671000000004,3841,-73.933311,40.802647,18:26:00
94208,2584,-73.960091,40.808113,2783,-73.955292,40.799434999999995,23:44:00
94209,3473,-73.94097099999999,40.824131,3473,-73.94097099999999,40.824131,23:55:00
94255,3210,-73.945961,40.832829,3257,-73.944992,40.808445,23:35:00
94330,3654,-73.937782,40.796989,2604,-73.959633,40.801151000000004,23:13:00
94401,2045,-73.973579,40.792061,3367,-73.9431,40.850224,20:14:00
94618,3361,-73.94319200000001,40.836613,3180,-73.946648,40.826527,21:20:00
94855,1500,-73.983177,40.733340999999996,1315,-73.986717,40.715953999999996,20:38:00
94887,39,-74.014328,40.706234,406,-74.0056,40.710396,21:58:00
94965,3837,-73.933571,40.802753,2194,-73.970047,40.802265000000006,22:28:00
94978,998,-73.992859,40.714676000000004,577,-74.002075,40.716732,22:37:00
94981,3076,-73.948792,40.797478000000005,3626,-73.938339,40.837906,22:25:00
95045,3257,-73.944992,40.808445,2803,-73.954872,40.805096,22:35:00
95096,2825,-73.954391,40.800659,3297,-73.944321,40.782452,21:17:00
95259,2453,-73.963371,40.803622999999995,444,-74.00496700000001,40.756954,17:39:00
95526,3431,-73.941826,40.83849,2700,-73.957458,40.821117,22:45:00
95602,3036,-73.94967700000001,40.802025,2906,-73.95264399999999,40.803062,21:53:00
95621,3784,-73.934914,40.800793,2882,-73.952988,40.791721,17:48:00
95677,3231,-73.94548,40.807774,3142,-73.947372,40.830902,22:33:00
95822,951,-73.994019,40.709484,1143,-73.989952,40.716972,17:01:00
95944,3248,-73.945229,40.786808,3785,-73.934914,40.79668,21:27:00
95959,2729,-73.956779,40.802486,3957,-73.928719,40.866741,21:53:00
95976,15,-74.01651,40.704803000000005,924,-73.994438,40.770668,22:36:00
95977,3345,-73.943474,40.796089,2984,-73.95089,40.825733,22:36:00
96022,3752,-73.93562299999999,40.846725,3570,-73.939255,40.842438,23:46:00
96170,2700,-73.957458,40.821117,3042,-73.94950899999999,40.79361,20:48:00
96292,2424,-73.964287,40.802368,3402,-73.942337,40.828781,22:55:00
96323,3124,-73.94768499999999,40.790318,3550,-73.93962900000001,40.794468,22:01:00
96482,2976,-73.95108,40.825813000000004,2857,-73.95354499999999,40.809464,22:44:00
96514,3998,-73.92536899999999,40.862583,2846,-73.953812,40.822083,16:55:00
96553,49,-74.013809,40.717609,49,-74.013809,40.717609,20:03:00
96596,2866,-73.95324699999999,40.790188,3784,-73.934914,40.800793,20:32:00
96752,2140,-73.971313,40.792751,1893,-73.97623399999999,40.794827000000005,19:33:00
96884,3626,-73.938339,40.837906,4047,-73.91845699999999,40.873020000000004,22:47:00
96889,3575,-73.93924,40.851177,4013,-73.92214200000001,40.869147999999996,22:50:00
97082,3659,-73.937691,40.801140000000004,3257,-73.944992,40.808445,20:14:00
97135,3964,-73.928398,40.865631,3451,-73.94136800000001,40.830890999999994,20:24:00
97188,3361,-73.94319200000001,40.836613,3487,-73.94064300000001,40.805737,22:25:00
97260,2562,-73.960571,40.812435,2175,-73.970543,40.801590000000004,20:43:00
97263,755,-73.998062,40.713707,204,-74.009026,40.705311,20:36:00
97346,217,-74.00882,40.716015000000006,1540,-73.982452,40.714698999999996,21:48:00
97371,3023,-73.949913,40.82206,3696,-73.936821,40.798309,20:40:00
97450,2406,-73.964752,40.801731,3321,-73.943916,40.835289,23:12:00
97504,2495,-73.962212,40.810577,3650,-73.93782,40.852127,21:52:00
97569,2453,-73.963371,40.803622999999995,2955,-73.95156899999999,40.804527,20:33:00
97582,3099,-73.94828000000001,40.829654999999995,3151,-73.947182,40.830822,23:42:00
97701,2336,-73.96691899999999,40.766605,3017,-73.950089,40.789677000000005,21:11:00
97739,1605,-73.981667,40.779495000000004,4043,-73.918564,40.871479,23:40:00
97862,1352,-73.98590899999999,40.719337,721,-73.998795,40.7145,23:43:00
98068,236,-74.008492,40.734093,722,-73.998756,40.718445,21:49:00
98080,406,-74.0056,40.710396,473,-74.004372,40.719467,21:52:00
98129,2997,-73.95060699999999,40.826465999999996,2907,-73.952591,40.810764,20:07:00
98206,3076,-73.948792,40.797478000000005,3589,-73.938988,40.816662,21:49:00
98212,1201,-73.98891400000001,40.729904,13,-74.016754,40.706542999999996,21:46:00
98215,2639,-73.95871700000001,40.810005,3231,-73.94548,40.807774,21:51:00
98286,171,-74.009804,40.733204,2657,-73.958344,40.800346000000005,21:44:00
98370,3015,-73.95015699999999,40.795589,2479,-73.96257,40.791634,22:37:00
98451,511,-74.00353199999999,40.717449,149,-74.01011700000001,40.738566999999996,21:48:00
98602,3099,-73.94828000000001,40.829654999999995,3789,-73.934883,40.811690999999996,20:39:00
98640,3186,-73.94654799999999,40.816502,3058,-73.94918100000001,40.828415,23:14:00
98712,3385,-73.942719,40.811569,2505,-73.961998,40.805510999999996,21:28:00
98734,2918,-73.952446,40.82394,3583,-73.939133,40.790905,21:55:00
98857,2903,-73.95270500000001,40.803298999999996,3430,-73.941841,40.817848,23:12:00
98911,2997,-73.95060699999999,40.826465999999996,2645,-73.958527,40.800694,21:42:00
98972,2528,-73.96144100000001,40.796112,2548,-73.960976,40.796738,20:54:00
99037,3036,-73.94967700000001,40.802025,925,-73.994423,40.716965,19:43:00
99060,954,-73.993942,40.713745,474,-74.004326,40.707832,19:05:00
99067,3280,-73.944672,40.791573,3131,-73.947624,40.822739,19:03:00
99115,3406,-73.942276,40.842155,3575,-73.93924,40.851177,23:12:00
99125,3980,-73.927299,40.865536,2724,-73.956818,40.812607,20:26:00
99173,2944,-73.951836,40.790421,3075,-73.94882199999999,40.808292,21:59:00
99266,3399,-73.942398,40.786438000000004,3583,-73.939133,40.790905,20:24:00
99308,3470,-73.941025,40.792561,3255,-73.945053,40.802601,22:40:00
99369,3777,-73.93508100000001,40.851433,3197,-73.94619,40.827152000000005,23:50:00
99675,2662,-73.95826,40.810623,3570,-73.939255,40.842438,22:38:00
99706,2786,-73.955208,40.820168,3553,-73.93960600000001,40.826,22:06:00
99777,3036,-73.94967700000001,40.802025,2818,-73.954536,40.815731,20:54:00
99804,2907,-73.952591,40.810764,3568,-73.939293,40.801811,23:38:00
99877,21,-74.015831,40.707802,1082,-73.991066,40.730042,21:44:00
99879,2074,-73.972931,40.794253999999995,2424,-73.964287,40.802368,21:54:00
99980,1338,-73.98625899999999,40.772255,1338,-73.98625899999999,40.772255,21:22:00
100000,45,-74.01400799999999,40.712925,1270,-73.987534,40.780231,21:19:00
100060,3550,-73.93962900000001,40.794468,3184,-73.946609,40.784908,21:01:00
100071,3404,-73.942299,40.817226,3255,-73.945053,40.802601,20:34:00
100154,3633,-73.938225,40.846934999999995,3440,-73.94162800000001,40.798615000000005,23:37:00
