65,247,-74.008347,40.725914,517,-74.003372,40.72525,02:55:00
124,349,-74.006622,40.736431,982,-73.993263,40.767742,09:54:00
125,380,-74.006088,40.711971000000005,110,-74.011169,40.701782,09:51:00
216,1012,-73.992622,40.718849,2868,-73.953209,40.788528,02:36:00
299,985,-73.99324,40.730953,147,-74.01015500000001,40.712063,12:09:00
425,214,-74.008881,40.704861,2646,-73.958488,40.778168,13:21:00
475,982,-73.993263,40.767742,512,-74.003525,40.736179,12:21:00
578,3452,-73.941353,40.851246,2107,-73.97221400000001,40.793949,08:16:00
605,1190,-73.98909,40.773495000000004,2093,-73.97245,40.769493,08:51:00
637,1467,-73.98380999999999,40.740790999999994,42,-74.014282,40.704609000000005,13:27:00
718,34,-74.014542,40.717106,136,-74.01039899999999,40.718803,11:03:00
758,427,-74.00527199999999,40.728851,127,-74.010559,40.713844,10:45:00
852,34,-74.014542,40.717106,962,-73.99374399999999,40.729008,12:31:00
959,6,-74.017395,40.708458,330,-74.006973,40.729496000000005,12:54:00
1108,3089,-73.948509,40.836365,2192,-73.970108,40.762238,13:26:00
1111,547,-74.002747,40.707214,147,-74.01015500000001,40.712063,13:38:00
1444,1909,-73.975861,40.747257,1909,-73.975861,40.747257,11:28:00
1524,1164,-73.989616,40.720463,164,-74.009911,40.726074,02:43:00
1553,72,-74.012833,40.70245,784,-73.997505,40.71405,12:34:00
1607,346,-74.006676,40.716534,908,-73.99475100000001,40.727818,12:50:00
1616,2375,-73.96570600000001,40.80043,3494,-73.94052099999999,40.797256,12:56:00
1650,65,-74.013023,40.717247,3441,-73.94156600000001,40.833484999999996,02:39:00
1677,313,-74.007286,40.708698,1355,-73.985886,40.771324,11:13:00
1690,147,-74.01015500000001,40.712063,637,-74.000862,40.70879,11:09:00
1764,271,-74.008003,40.707977,735,-73.99852800000001,40.719788,08:45:00
1775,1343,-73.986191,40.738419,427,-74.00527199999999,40.728851,12:29:00
1845,1137,-73.990044,40.721920000000004,1137,-73.990044,40.721920000000004,09:22:00
1989,2843,-73.953888,40.79047,2163,-73.970901,40.748363,08:44:00
2062,349,-74.006622,40.736431,574,-74.002121,40.732841,13:00:00
2269,182,-74.009537,40.723434000000005,198,-74.009117,40.716919,14:52:00
2300,291,-74.00769,40.712547,12,-74.016762,40.709332,11:10:00
2432,123,-74.010696,40.717468,615,-74.001389,40.734482,12:48:00
2538,179,-74.009636,40.717335,257,-74.00823199999999,40.721965999999995,13:03:00
2636,95,-74.011581,40.703518,681,-73.999702,40.711796,08:40:00
2679,2485,-73.962456,40.804885999999996,2888,-73.952911,40.821701000000004,13:33:00
2710,1190,-73.98909,40.773495000000004,152,-74.010071,40.720757,12:19:00
2739,72,-74.012833,40.70245,313,-74.007286,40.708698,11:08:00
2754,432,-74.00518000000001,40.729446,101,-74.011505,40.702957,14:44:00
2922,3074,-73.94884499999999,40.785858000000005,2034,-73.97374,40.794594000000004,12:36:00
2994,656,-74.00045,40.714371,676,-73.99987,40.720432,02:55:00
3045,2093,-73.97245,40.769493,2093,-73.97245,40.769493,12:59:00
3065,2215,-73.969574,40.749596000000004,295,-74.007645,40.748160999999996,12:44:00
3117,2200,-73.969902,40.749736999999996,553,-74.00254100000001,40.718628,09:49:00
3130,2375,-73.96570600000001,40.80043,392,-74.005898,40.725025,08:33:00
3338,26,-74.015381,40.715828,311,-74.007317,40.727329,11:06:00
3526,2517,-73.961624,40.756058,1970,-73.974907,40.73703,09:59:00
3647,1586,-73.981995,40.769672,526,-74.003151,40.734898,12:29:00
3851,296,-74.007637,40.708346999999996,700,-73.999321,40.715919,10:54:00
3928,517,-74.003372,40.72525,517,-74.003372,40.72525,13:23:00
3963,308,-74.00739300000001,40.705181,2588,-73.959923,40.782211,12:44:00
3969,595,-74.001694,40.735535,1918,-73.975693,40.728474,12:47:00
3971,245,-74.008377,40.716587,527,-74.003136,40.731464,12:55:00
4059,415,-74.005486,40.707386,1485,-73.98344399999999,40.722019,12:54:00
4091,56,-74.01349599999999,40.714481,273,-74.007988,40.746094,10:43:00
4195,220,-74.00878900000001,40.704212,330,-74.006973,40.729496000000005,11:59:00
4248,14,-74.016624,40.708134,22,-74.01576999999999,40.71767,11:02:00
4412,354,-74.0065,40.732426000000004,859,-73.995811,40.729178999999995,11:45:00
4479,313,-74.007286,40.708698,299,-74.007561,40.725842,11:06:00
4514,2409,-73.964638,40.769740999999996,2235,-73.969116,40.798508,09:47:00
4531,2767,-73.95565,40.782051,2234,-73.969124,40.803562,09:38:00
4646,50,-74.01377099999999,40.701240999999996,126,-74.010605,40.703709,12:31:00
4722,308,-74.00739300000001,40.705181,245,-74.008377,40.716587,12:38:00
4727,1254,-73.98781600000001,40.735291,275,-74.00795699999999,40.717121,12:31:00
4740,414,-74.005493,40.738754,458,-74.004684,40.73032,11:07:00
4747,2235,-73.969116,40.798508,2485,-73.962456,40.804885999999996,11:07:00
4766,514,-74.00344799999999,40.738754,122,-74.010773,40.729107,11:07:00
4849,183,-74.009499,40.706379,226,-74.008698,40.719296,10:55:00
5073,3661,-73.937675,40.823566,403,-74.005684,40.737553000000005,09:57:00
5077,2544,-73.961044,40.80175,3571,-73.939247,40.807655,09:51:00
5154,982,-73.993263,40.767742,122,-74.010773,40.729107,12:17:00
5158,1996,-73.974503,40.732727000000004,776,-73.99771899999999,40.715359,12:21:00
5303,458,-74.004684,40.73032,928,-73.994354,40.719440000000006,13:44:00
5443,889,-73.995064,40.728809000000005,812,-73.99681899999999,40.720486,08:55:00
5580,144,-74.010201,40.70332,1930,-73.975471,40.718895,11:55:00
5612,818,-73.996696,40.766705,2029,-73.973801,40.738369,02:43:00
5623,380,-74.006088,40.711971000000005,314,-74.00724,40.75383,08:54:00
5666,528,-74.00312,40.726879,1367,-73.985519,40.721985,08:51:00
5778,222,-74.00874300000001,40.719028,427,-74.00527199999999,40.728851,08:55:00
5781,238,-74.00846899999999,40.720612,122,-74.010773,40.729107,08:54:00
5820,152,-74.010071,40.720757,413,-74.00550799999999,40.709091,14:04:00
5911,2544,-73.961044,40.80175,2546,-73.961037,40.806828,12:56:00
5971,123,-74.010696,40.717468,240,-74.008415,40.744759,10:41:00
6014,295,-74.007645,40.748160999999996,662,-74.000351,40.762508000000004,11:28:00
6039,908,-73.99475100000001,40.727818,592,-74.00177,40.737675,12:52:00
6193,904,-73.994812,40.718456,308,-74.00739300000001,40.705181,08:51:00
6222,458,-74.004684,40.73032,107,-74.011246,40.708304999999996,13:20:00
6239,1632,-73.981308,40.720711,427,-74.00527199999999,40.728851,10:37:00
6325,429,-74.005211,40.720627,320,-74.007118,40.711712,12:34:00
6337,2093,-73.97245,40.769493,2093,-73.97245,40.769493,11:04:00
6397,238,-74.00846899999999,40.720612,754,-73.99807,40.730289,13:37:00
6550,34,-74.014542,40.717106,284,-74.007812,40.703049,11:11:00
6604,34,-74.014542,40.717106,1190,-73.98909,40.773495000000004,12:08:00
6670,1109,-73.990555,40.719177,1458,-73.983917,40.711304,12:51:00
7055,414,-74.005493,40.738754,517,-74.003372,40.72525,12:16:00
7092,519,-74.003365,40.708138,904,-73.994812,40.718456,13:01:00
7232,1343,-73.986191,40.738419,3747,-73.935745,40.821106,02:43:00
7341,222,-74.00874300000001,40.719028,345,-74.006691,40.720436,13:35:00
7387,2196,-73.97003199999999,40.797253000000005,1684,-73.980354,40.78994,12:36:00
7399,2483,-73.96249399999999,40.773098,2375,-73.96570600000001,40.80043,13:29:00
7407,166,-74.009865,40.705795,1367,-73.985519,40.721985,13:41:00
7428,355,-74.0065,40.736958,3967,-73.928253,40.854321,14:03:00
7434,3628,-73.938286,40.85091,2672,-73.958023,40.778805,09:15:00
7500,3395,-73.942436,40.790627,2449,-73.963425,40.76186,09:58:00
7549,226,-74.008698,40.719296,1811,-73.977783,40.712447999999995,12:18:00
7666,136,-74.01039899999999,40.718803,354,-74.0065,40.732426000000004,11:50:00
7697,305,-74.00745400000001,40.706051,520,-74.003342,40.735538,11:39:00
7736,1918,-73.975693,40.728474,72,-74.012833,40.70245,13:38:00
7754,2843,-73.953888,40.79047,2148,-73.97123,40.795291999999996,09:22:00
7767,12,-74.016762,40.709332,2488,-73.96238699999999,40.761421,13:03:00
8152,634,-74.000908,40.752182,1377,-73.985359,40.773491,12:30:00
8154,729,-73.998627,40.713448,129,-74.010544,40.709152,13:25:00
8185,2332,-73.967033,40.788483,2332,-73.967033,40.788483,09:38:00
8242,538,-74.00296800000001,40.721996000000004,1151,-73.989861,40.720531,10:35:00
8421,95,-74.011581,40.703518,195,-74.009232,40.702267,12:43:00
8607,2780,-73.955368,40.80442,1076,-73.991203,40.735878,09:32:00
8660,702,-73.99929,40.708775,380,-74.006088,40.711971000000005,12:56:00
8769,2954,-73.951599,40.79361,3547,-73.93968199999999,40.804443,11:55:00
8782,192,-74.009254,40.702103,183,-74.009499,40.706379,11:58:00
8809,1575,-73.982086,40.723881,379,-74.006119,40.723746999999996,11:04:00
8862,2265,-73.968475,40.796642,2455,-73.963348,40.796089,13:27:00
8864,1009,-73.992638,40.71513,1109,-73.990555,40.719177,13:27:00
9346,278,-74.007942,40.714928,373,-74.006248,40.717083,02:30:00
9431,164,-74.009911,40.726074,291,-74.00769,40.712547,12:24:00
9457,829,-73.996422,40.75832,2483,-73.96249399999999,40.773098,12:38:00
9472,3258,-73.94495400000001,40.775585,2995,-73.95063,40.76683,12:31:00
9502,587,-74.00188399999999,40.719398,122,-74.010773,40.729107,10:35:00
9662,2252,-73.968742,40.764103000000006,881,-73.99526999999999,40.727211,10:41:00
9719,502,-74.003731,40.72625,2276,-73.968117,40.80571,13:10:00
9752,602,-74.001572,40.735126,27,-74.015221,40.716015000000006,11:56:00
9767,928,-73.994354,40.719440000000006,2544,-73.961044,40.80175,11:06:00
9899,514,-74.00344799999999,40.738754,148,-74.010124,40.714382,11:29:00
9919,3424,-73.94194,40.822807,3102,-73.948166,40.83783,11:48:00
9979,2,-74.01792900000001,40.706177000000004,436,-74.005127,40.709404,14:51:00
9986,639,-74.000816,40.71693,2915,-73.952507,40.800686,02:38:00
9988,2677,-73.957886,40.761173,896,-73.994934,40.755268,02:54:00
10051,3628,-73.938286,40.85091,2107,-73.97221400000001,40.793949,12:40:00
10147,238,-74.00846899999999,40.720612,432,-74.00518000000001,40.729446,14:16:00
10154,278,-74.007942,40.714928,651,-74.000534,40.71843,14:23:00
10170,829,-73.996422,40.75832,982,-73.993263,40.767742,11:20:00
10245,1316,-73.986717,40.771626,1370,-73.985489,40.780998,11:13:00
10409,1934,-73.975426,40.747883,1137,-73.990044,40.721920000000004,10:10:00
10442,1848,-73.976974,40.754349,110,-74.011169,40.701782,08:42:00
10615,1063,-73.991425,40.717419,457,-74.004738,40.724266,12:50:00
10650,478,-74.004227,40.731128999999996,432,-74.00518000000001,40.729446,09:17:00
10717,2677,-73.957886,40.761173,2129,-73.971664,40.743858,10:07:00
10791,3089,-73.948509,40.836365,3089,-73.948509,40.836365,11:08:00
10875,354,-74.0065,40.732426000000004,291,-74.00769,40.712547,11:56:00
10925,3663,-73.937637,40.812748,1511,-73.983002,40.721222,12:09:00
11126,2612,-73.959419,40.776894,2381,-73.965553,40.768485999999996,10:37:00
11179,65,-74.013023,40.717247,166,-74.009865,40.705795,10:05:00
11199,1317,-73.986717,40.717781,370,-74.00631,40.714165,12:58:00
11202,2677,-73.957886,40.761173,2141,-73.971275,40.744343,10:05:00
11208,354,-74.0065,40.732426000000004,592,-74.00177,40.737675,10:50:00
11328,651,-74.000534,40.71843,396,-74.005852,40.711681,02:57:00
11331,458,-74.004684,40.73032,1033,-73.992203,40.719666,02:55:00
11408,80,-74.012146,40.708981,1017,-73.99249300000001,40.713867,11:55:00
11469,956,-73.99382800000001,40.718143,2342,-73.966705,40.804176,14:36:00
11539,391,-74.005943,40.719691999999995,2746,-73.956261,40.787224,12:43:00
11685,136,-74.01039899999999,40.718803,82,-74.012054,40.720306,10:50:00
11735,70,-74.012878,40.702663,779,-73.997612,40.753948,12:39:00
11998,829,-73.996422,40.75832,731,-73.998604,40.729687,12:24:00
12178,697,-73.999367,40.730057,810,-73.996864,40.757713,12:34:00
12552,1906,-73.975891,40.788921,122,-74.010773,40.729107,10:45:00
12589,414,-74.005493,40.738754,812,-73.99681899999999,40.720486,14:38:00
12658,568,-74.002205,40.721621999999996,713,-73.999031,40.72142,10:36:00
12741,104,-74.011353,40.714909000000006,172,-74.009773,40.722122,10:32:00
12804,1384,-73.98524499999999,40.733371999999996,2391,-73.96521,40.801105,12:21:00
12931,355,-74.0065,40.736958,78,-74.012283,40.720337,12:35:00
12962,186,-74.00946,40.704544,153,-74.01004,40.734543,12:36:00
13128,294,-74.00766800000001,40.725193,245,-74.008377,40.716587,13:42:00
13208,200,-74.00907099999999,40.730434,112,-74.011108,40.715590999999996,10:48:00
13229,82,-74.012054,40.720306,73,-74.012787,40.717129,12:42:00
13250,146,-74.010162,40.733146999999995,937,-73.994171,40.766506,12:54:00
13293,177,-74.00966600000001,40.712727,466,-74.004532,40.716286,13:33:00
13353,568,-74.002205,40.721621999999996,517,-74.003372,40.72525,11:03:00
13440,214,-74.008881,40.704861,1003,-73.99282099999999,40.714375,09:10:00
13558,789,-73.99736,40.729942,1970,-73.974907,40.73703,13:23:00
13640,65,-74.013023,40.717247,258,-74.008209,40.730343,12:33:00
13757,12,-74.016762,40.709332,1996,-73.974503,40.732727000000004,09:52:00
13806,2200,-73.969902,40.749736999999996,3330,-73.943787,40.782856,10:10:00
14127,2454,-73.963364,40.798565,2218,-73.969551,40.80035,10:11:00
14155,183,-74.009499,40.706379,1254,-73.98781600000001,40.735291,13:54:00
14178,2337,-73.966904,40.752831,2117,-73.97189300000001,40.743507,11:38:00
14199,2634,-73.958839,40.815182,3593,-73.93890400000001,40.805004,11:35:00
14309,305,-74.00745400000001,40.706051,273,-74.007988,40.746094,12:40:00
14347,995,-73.99297299999999,40.713825,3628,-73.938286,40.85091,12:09:00
14469,239,-74.008438,40.734790999999994,339,-74.006805,40.719776,11:59:00
14493,779,-73.997612,40.753948,350,-74.006599,40.749553999999996,08:39:00
14503,329,-74.00698100000001,40.735001000000004,65,-74.013023,40.717247,11:31:00
14679,608,-74.00145,40.721252,273,-74.007988,40.746094,11:28:00
14753,1076,-73.991203,40.735878,2001,-73.974365,40.737411,12:37:00
14761,2526,-73.961464,40.801173999999996,2084,-73.972687,40.790867,12:44:00
14857,534,-74.00304399999999,40.718025,754,-73.99807,40.730289,12:51:00
14864,2731,-73.95671800000001,40.786602,194,-74.00923900000001,40.715519,10:31:00
14942,55,-74.01351899999999,40.706944,273,-74.007988,40.746094,10:52:00
14988,104,-74.011353,40.714909000000006,458,-74.004684,40.73032,13:35:00
14997,2841,-73.95395699999999,40.806354999999996,2634,-73.958839,40.815182,13:41:00
15060,2133,-73.971558,40.76025,1970,-73.974907,40.73703,14:17:00
15064,2954,-73.951599,40.79361,2712,-73.957169,40.785984,14:29:00
15084,380,-74.006088,40.711971000000005,62,-74.013191,40.704044,12:26:00
15173,34,-74.014542,40.717106,82,-74.012054,40.720306,10:49:00
15226,414,-74.005493,40.738754,325,-74.00705,40.718269,14:18:00
15244,2712,-73.957169,40.785984,2672,-73.958023,40.778805,14:50:00
15326,995,-73.99297299999999,40.713825,226,-74.008698,40.719296,13:46:00
15486,265,-74.00811800000001,40.722626,2731,-73.95671800000001,40.786602,13:52:00
15574,2122,-73.97177099999999,40.792126,2592,-73.959816,40.813839,13:20:00
15677,1235,-73.988281,40.778915000000005,2746,-73.956261,40.787224,11:25:00
15695,2144,-73.971245,40.747871,2093,-73.97245,40.769493,13:26:00
15702,196,-74.009209,40.729706,417,-74.005424,40.727878999999994,10:10:00
15713,248,-74.008347,40.721321,237,-74.008476,40.750324,10:08:00
15726,2295,-73.967865,40.802662,803,-73.99698599999999,40.716541,10:48:00
15837,896,-73.994934,40.755268,896,-73.994934,40.755268,14:12:00
15859,370,-74.00631,40.714165,1916,-73.9757,40.716507,14:09:00
16061,516,-74.003403,40.714149,516,-74.003403,40.714149,13:54:00
16140,956,-73.99382800000001,40.718143,162,-74.009918,40.721462,12:59:00
16605,1063,-73.991425,40.717419,107,-74.011246,40.708304999999996,14:20:00
16609,1213,-73.988647,40.742813,772,-73.997765,40.716812,13:25:00
16631,1131,-73.990204,40.71405,1131,-73.990204,40.71405,13:39:00
16743,926,-73.994392,40.758369,895,-73.994957,40.770016,11:14:00
16917,3661,-73.937675,40.823566,1151,-73.989861,40.720531,11:50:00
16926,166,-74.009865,40.705795,136,-74.01039899999999,40.718803,12:31:00
16963,1109,-73.990555,40.719177,846,-73.996063,40.730156,14:03:00
17020,2218,-73.969551,40.80035,1389,-73.985176,40.781818,14:23:00
17052,2084,-73.972687,40.790867,2626,-73.959129,40.801838000000004,11:03:00
17165,3244,-73.945267,40.774254,3244,-73.945267,40.774254,13:07:00
17413,421,-74.005325,40.718272999999996,257,-74.00823199999999,40.721965999999995,14:25:00
17440,383,-74.00604200000001,40.724403,293,-74.00766800000001,40.704285,13:40:00
17694,1316,-73.986717,40.771626,2148,-73.97123,40.795291999999996,14:26:00
17752,3082,-73.948608,40.789055,2564,-73.960526,40.797367,15:42:00
17760,1934,-73.975426,40.747883,1934,-73.975426,40.747883,15:48:00
17762,1273,-73.987488,40.752159000000006,2868,-73.953209,40.788528,15:45:00
17775,830,-73.99638399999999,40.70977,413,-74.00550799999999,40.709091,10:07:00
17787,403,-74.005684,40.737553000000005,403,-74.005684,40.737553000000005,10:05:00
17978,736,-73.998512,40.764214,762,-73.99793199999999,40.718159,15:20:00
18034,1078,-73.991173,40.717341999999995,516,-74.003403,40.714149,13:54:00
18164,735,-73.99852800000001,40.719788,2829,-73.954285,40.783928,14:35:00
18188,127,-74.010559,40.713844,126,-74.010605,40.703709,14:20:00
18231,105,-74.011292,40.71891,779,-73.997612,40.753948,14:49:00
18408,1076,-73.991203,40.735878,286,-74.007805,40.731784999999995,14:21:00
18445,370,-74.00631,40.714165,78,-74.012283,40.720337,10:55:00
18511,1131,-73.990204,40.71405,547,-74.002747,40.707214,14:27:00
18553,1467,-73.98380999999999,40.740790999999994,1988,-73.974579,40.721275,13:07:00
18557,426,-74.00529499999999,40.740025,164,-74.009911,40.726074,13:10:00
18592,695,-73.99942,40.718681,754,-73.99807,40.730289,14:20:00
18648,485,-74.004028,40.716869,485,-74.004028,40.716869,14:21:00
18659,1271,-73.987526,40.741528,1766,-73.978638,40.767693,14:15:00
18677,325,-74.00705,40.718269,357,-74.006477,40.711231,14:30:00
18704,1329,-73.98653399999999,40.737049,1894,-73.976212,40.725327,14:18:00
18786,10,-74.016975,40.709038,1113,-73.990486,40.719303000000004,13:25:00
18891,198,-74.009117,40.716919,299,-74.007561,40.725842,15:40:00
19018,112,-74.011108,40.715590999999996,353,-74.00653100000001,40.708225,15:35:00
19045,517,-74.003372,40.72525,538,-74.00296800000001,40.721996000000004,13:46:00
19083,1567,-73.98217,40.72097,4,-74.017578,40.706841,15:04:00
19129,656,-74.00045,40.714371,466,-74.004532,40.716286,09:22:00
19316,728,-73.998657,40.755253,728,-73.998657,40.755253,15:51:00
19418,2588,-73.959923,40.782211,2381,-73.965553,40.768485999999996,14:33:00
19476,80,-74.012146,40.708981,971,-73.993561,40.772888,12:21:00
19490,417,-74.005424,40.727878999999994,864,-73.995689,40.718773,15:40:00
19571,1379,-73.985321,40.720490000000005,1520,-73.982803,40.719722999999995,13:00:00
19589,1751,-73.97893499999999,40.785121999999994,3378,-73.942856,40.785793,10:53:00
19696,112,-74.011108,40.715590999999996,482,-74.004059,40.713135,11:18:00
19698,2592,-73.959816,40.813839,582,-74.001961,40.761295000000004,11:06:00
19709,399,-74.005775,40.717678,355,-74.0065,40.736958,14:15:00
19804,662,-74.000351,40.762508000000004,2672,-73.958023,40.778805,15:33:00
19884,723,-73.99874100000001,40.760104999999996,779,-73.997612,40.753948,13:49:00
20057,275,-74.00795699999999,40.717121,445,-74.004936,40.731544,12:44:00
20118,271,-74.008003,40.707977,679,-73.99984,40.719193,11:03:00
20367,380,-74.006088,40.711971000000005,1485,-73.98344399999999,40.722019,10:55:00
20381,10,-74.016975,40.709038,122,-74.010773,40.729107,10:50:00
20475,502,-74.003731,40.72625,23,-74.015694,40.704842,13:51:00
20479,112,-74.011108,40.715590999999996,355,-74.0065,40.736958,15:34:00
20501,200,-74.00907099999999,40.730434,4,-74.017578,40.706841,14:27:00
20526,1585,-73.981995,40.77705,2450,-73.963425,40.771824,13:38:00
20686,2342,-73.966705,40.804176,3047,-73.949455,40.822681,14:45:00
20797,320,-74.007118,40.711712,2248,-73.968857,40.750095,10:02:00
20804,415,-74.005486,40.707386,700,-73.999321,40.715919,10:13:00
20962,123,-74.010696,40.717468,240,-74.008415,40.744759,13:12:00
21090,2265,-73.968475,40.796642,2954,-73.951599,40.79361,13:05:00
21111,2450,-73.963425,40.771824,222,-74.00874300000001,40.719028,14:57:00
21144,579,-74.00202900000001,40.738129,152,-74.010071,40.720757,13:29:00
21166,6,-74.017395,40.708458,278,-74.007942,40.714928,14:30:00
21167,2780,-73.955368,40.80442,2295,-73.967865,40.802662,14:29:00
21173,1087,-73.990974,40.718348999999996,1151,-73.989861,40.720531,14:35:00
21186,971,-73.993561,40.772888,971,-73.993561,40.772888,15:42:00
21378,62,-74.013191,40.704044,550,-74.002602,40.719902000000005,13:34:00
21434,1003,-73.99282099999999,40.714375,485,-74.004028,40.716869,15:08:00
21469,2196,-73.97003199999999,40.797253000000005,2586,-73.960052,40.800583,13:23:00
21633,507,-74.003639,40.713642,147,-74.01015500000001,40.712063,13:31:00
21741,568,-74.002205,40.721621999999996,164,-74.009911,40.726074,14:51:00
21755,729,-73.998627,40.713448,418,-74.00541700000001,40.715237,14:23:00
21823,995,-73.99297299999999,40.713825,1390,-73.985146,40.713596,14:30:00
21967,1934,-73.975426,40.747883,1934,-73.975426,40.747883,15:33:00
22040,1666,-73.98069,40.785038,1585,-73.981995,40.77705,14:30:00
22069,257,-74.00823199999999,40.721965999999995,286,-74.007805,40.731784999999995,14:34:00
22244,493,-74.00386800000001,40.737545000000004,226,-74.008698,40.719296,13:17:00
22405,129,-74.010544,40.709152,34,-74.014542,40.717106,12:00:00
22526,291,-74.00769,40.712547,1843,-73.97715,40.738796,13:14:00
22528,2200,-73.969902,40.749736999999996,711,-73.99904599999999,40.708595,13:16:00
22550,295,-74.007645,40.748160999999996,2155,-73.9711,40.760876,13:18:00
22797,239,-74.008438,40.734790999999994,112,-74.011108,40.715590999999996,12:39:00
23022,127,-74.010559,40.713844,1103,-73.99071500000001,40.718269,13:08:00
23242,3593,-73.93890400000001,40.805004,2592,-73.959816,40.813839,10:18:00
23305,234,-74.008553,40.733402000000005,237,-74.008476,40.750324,13:40:00
23316,634,-74.000908,40.752182,634,-74.000908,40.752182,13:45:00
23333,587,-74.00188399999999,40.719398,904,-73.994812,40.718456,14:24:00
23497,2163,-73.970901,40.748363,2163,-73.970901,40.748363,11:04:00
23513,728,-73.998657,40.755253,177,-74.00966600000001,40.712727,15:08:00
23518,107,-74.011246,40.708304999999996,799,-73.997101,40.714603000000004,12:40:00
23528,1091,-73.990936,40.77095,1091,-73.990936,40.77095,15:24:00
23710,881,-73.99526999999999,40.727211,96,-74.011574,40.704018,14:25:00
23877,3352,-73.943359,40.776863,2671,-73.958099,40.784718,13:21:00
23904,72,-74.012833,40.70245,1575,-73.982086,40.723881,13:44:00
24010,183,-74.009499,40.706379,105,-74.011292,40.71891,11:01:00
24215,346,-74.006676,40.716534,2693,-73.957634,40.785343,14:02:00
24218,413,-74.00550799999999,40.709091,1063,-73.991425,40.717419,14:10:00
24343,2235,-73.969116,40.798508,2954,-73.951599,40.79361,13:45:00
24714,1123,-73.990311,40.71909,320,-74.007118,40.711712,14:08:00
24806,396,-74.005852,40.711681,436,-74.005127,40.709404,10:12:00
24832,1684,-73.980354,40.78994,1684,-73.980354,40.78994,13:12:00
24930,273,-74.007988,40.746094,567,-74.00222,40.720341,13:38:00
24962,46,-74.013962,40.707111,421,-74.005325,40.718272999999996,11:44:00
25096,2133,-73.971558,40.76025,27,-74.015221,40.716015000000006,14:59:00
25150,301,-74.00753,40.717667,301,-74.00753,40.717667,14:24:00
25193,2454,-73.963364,40.798565,134,-74.010452,40.722858,14:07:00
25248,2164,-73.97085600000001,40.793377,2107,-73.97221400000001,40.793949,12:57:00
25280,2449,-73.963425,40.76186,1312,-73.98679399999999,40.780712,13:34:00
25396,1906,-73.975891,40.788921,3913,-73.931046,40.85051,13:45:00
25413,383,-74.00604200000001,40.724403,779,-73.997612,40.753948,13:41:00
25524,2588,-73.959923,40.782211,2289,-73.967995,40.771149,15:54:00
25736,1848,-73.976974,40.754349,1908,-73.975876,40.754704,10:14:00
25866,296,-74.007637,40.708346999999996,985,-73.99324,40.730953,13:41:00
25978,2592,-73.959816,40.813839,12,-74.016762,40.709332,12:04:00
26009,308,-74.00739300000001,40.705181,119,-74.010834,40.716927,11:17:00
26062,2236,-73.969093,40.800976,3547,-73.93968199999999,40.804443,14:27:00
26161,429,-74.005211,40.720627,626,-74.00110600000001,40.73344,14:26:00
26230,1751,-73.97893499999999,40.785121999999994,3717,-73.936363,40.794697,11:14:00
26339,989,-73.993095,40.717921999999994,458,-74.004684,40.73032,11:13:00
26468,101,-74.011505,40.702957,10,-74.016975,40.709038,13:46:00
26538,1329,-73.98653399999999,40.737049,520,-74.003342,40.735538,11:38:00
26730,3296,-73.944328,40.788059000000004,2084,-73.972687,40.790867,11:03:00
26789,2592,-73.959816,40.813839,1586,-73.981995,40.769672,13:59:00
26793,695,-73.99942,40.718681,956,-73.99382800000001,40.718143,14:01:00
26818,956,-73.99382800000001,40.718143,304,-74.007462,40.707218,14:05:00
26923,1113,-73.990486,40.719303000000004,110,-74.011169,40.701782,14:01:00
27140,3509,-73.94023100000001,40.851326,432,-74.00518000000001,40.729446,14:17:00
27219,2196,-73.97003199999999,40.797253000000005,2697,-73.957512,40.816994,14:35:00
27359,112,-74.011108,40.715590999999996,429,-74.005211,40.720627,11:11:00
27381,299,-74.007561,40.725842,493,-74.00386800000001,40.737545000000004,14:39:00
27397,2521,-73.96154,40.806133,454,-74.004768,40.75687,13:15:00
27399,271,-74.008003,40.707977,626,-74.00110600000001,40.73344,15:34:00
27820,136,-74.01039899999999,40.718803,225,-74.008713,40.741474,13:12:00
27974,482,-74.004059,40.713135,249,-74.008324,40.703812,15:18:00
28004,172,-74.009773,40.722122,301,-74.00753,40.717667,15:02:00
28199,985,-73.99324,40.730953,104,-74.011353,40.714909000000006,13:24:00
28233,1918,-73.975693,40.728474,1384,-73.98524499999999,40.733371999999996,11:12:00
28304,1190,-73.98909,40.773495000000004,401,-74.005707,40.731628,13:10:00
28313,1567,-73.98217,40.72097,896,-73.994934,40.755268,15:19:00
28315,502,-74.003731,40.72625,1375,-73.98539,40.737331,15:37:00
28322,1087,-73.990974,40.718348999999996,73,-74.012787,40.717129,15:30:00
28414,136,-74.01039899999999,40.718803,995,-73.99297299999999,40.713825,13:41:00
28473,299,-74.007561,40.725842,895,-73.994957,40.770016,15:12:00
28515,3074,-73.94884499999999,40.785858000000005,3358,-73.94326,40.793503,14:14:00
28538,466,-74.004532,40.716286,723,-73.99874100000001,40.760104999999996,15:24:00
28549,3524,-73.940025,40.797939,3223,-73.94567099999999,40.781948,15:43:00
28603,350,-74.006599,40.749553999999996,889,-73.995064,40.728809000000005,16:13:00
28640,1254,-73.98781600000001,40.735291,113,-74.01104699999999,40.725163,13:36:00
28688,248,-74.008347,40.721321,135,-74.01042199999999,40.730540999999995,13:02:00
28820,2084,-73.972687,40.790867,2462,-73.963066,40.810936,13:53:00
28833,82,-74.012054,40.720306,82,-74.012054,40.720306,14:06:00
29083,392,-74.005898,40.725025,392,-74.005898,40.725025,11:40:00
29151,519,-74.003365,40.708138,358,-74.00647,40.73814,13:41:00
29201,248,-74.008347,40.721321,1620,-73.981445,40.780239,14:11:00
29437,1316,-73.986717,40.771626,595,-74.001694,40.735535,14:43:00
29472,1293,-73.987091,40.753609000000004,379,-74.006119,40.723746999999996,14:10:00
29522,482,-74.004059,40.713135,96,-74.011574,40.704018,13:34:00
29790,152,-74.010071,40.720757,1662,-73.980743,40.747704,16:04:00
29792,913,-73.994652,40.765854,313,-74.007286,40.708698,16:01:00
30008,308,-74.00739300000001,40.705181,1858,-73.976883,40.714626,15:16:00
30080,355,-74.0065,40.736958,2210,-73.969658,40.762859000000006,15:03:00
30253,466,-74.004532,40.716286,1137,-73.990044,40.721920000000004,14:35:00
30318,278,-74.007942,40.714928,1379,-73.985321,40.720490000000005,15:15:00
30322,1164,-73.989616,40.720463,3378,-73.942856,40.785793,14:33:00
30504,593,-74.001747,40.707718,1530,-73.98264300000001,40.78495,14:33:00
30565,278,-74.007942,40.714928,1379,-73.985321,40.720490000000005,15:46:00
30584,727,-73.99868000000001,40.71188,1390,-73.985146,40.713596,14:57:00
30640,129,-74.010544,40.709152,222,-74.00874300000001,40.719028,11:04:00
30642,148,-74.010124,40.714382,896,-73.994934,40.755268,15:54:00
30817,119,-74.010834,40.716927,14,-74.016624,40.708134,17:12:00
31127,1126,-73.99026500000001,40.714417,371,-74.00631,40.704223999999996,16:22:00
31159,22,-74.01576999999999,40.71767,1009,-73.992638,40.71513,15:43:00
31194,296,-74.007637,40.708346999999996,613,-74.00140400000001,40.722557,12:48:00
31493,396,-74.005852,40.711681,2012,-73.974129,40.73138,16:16:00
31639,1367,-73.985519,40.721985,462,-74.004623,40.731003,16:15:00
31794,2218,-73.969551,40.80035,1370,-73.985489,40.780998,13:15:00
31797,46,-74.013962,40.707111,390,-74.005951,40.707207000000004,13:15:00
31879,458,-74.004684,40.73032,498,-74.00383000000001,40.72345,16:05:00
31998,1941,-73.975372,40.737232,846,-73.996063,40.730156,13:31:00
32006,308,-74.00739300000001,40.705181,493,-74.00386800000001,40.737545000000004,16:00:00
32136,1063,-73.991425,40.717419,1810,-73.977791,40.721275,14:36:00
32138,2196,-73.97003199999999,40.797253000000005,2909,-73.95258299999999,40.808239,14:33:00
32296,121,-74.01080300000001,40.711018,1282,-73.987312,40.752891999999996,14:35:00
32361,676,-73.99987,40.720432,286,-74.007805,40.731784999999995,16:23:00
32485,2235,-73.969116,40.798508,2235,-73.969116,40.798508,13:36:00
32500,881,-73.99526999999999,40.727211,553,-74.00254100000001,40.718628,16:20:00
32587,424,-74.005302,40.722198,2252,-73.968742,40.764103000000006,14:50:00
32601,405,-74.00565300000001,40.720058,291,-74.00769,40.712547,14:03:00
32630,521,-74.00329599999999,40.731743,608,-74.00145,40.721252,15:55:00
32641,887,-73.995102,40.765232,295,-74.007645,40.748160999999996,13:53:00
32642,301,-74.00753,40.717667,26,-74.015381,40.715828,13:58:00
32769,186,-74.00946,40.704544,478,-74.004227,40.731128999999996,12:32:00
32786,72,-74.012833,40.70245,550,-74.002602,40.719902000000005,11:36:00
32972,36,-74.014427,40.703152,182,-74.009537,40.723434000000005,14:47:00
33006,96,-74.011574,40.704018,718,-73.998863,40.714996,15:12:00
33159,458,-74.004684,40.73032,363,-74.00643199999999,40.721813,15:34:00
33171,148,-74.010124,40.714382,238,-74.00846899999999,40.720612,15:51:00
33370,308,-74.00739300000001,40.705181,784,-73.997505,40.71405,16:26:00
33377,238,-74.00846899999999,40.720612,432,-74.00518000000001,40.729446,14:28:00
33386,273,-74.007988,40.746094,258,-74.008209,40.730343,14:36:00
33510,265,-74.00811800000001,40.722626,265,-74.00811800000001,40.722626,14:06:00
33619,385,-74.00601999999999,40.706142,1017,-73.99249300000001,40.713867,15:06:00
33836,378,-74.006134,40.719444,26,-74.015381,40.715828,15:54:00
33873,155,-74.010025,40.739323,651,-74.000534,40.71843,14:01:00
33911,787,-73.99736800000001,40.762085,417,-74.005424,40.727878999999994,16:23:00
33955,1190,-73.98909,40.773495000000004,779,-73.997612,40.753948,15:03:00
34139,695,-73.99942,40.718681,799,-73.997101,40.714603000000004,14:16:00
34167,590,-74.001808,40.732948,421,-74.005325,40.718272999999996,15:24:00
34402,417,-74.005424,40.727878999999994,291,-74.00769,40.712547,14:01:00
34446,1084,-73.991035,40.72403,65,-74.013023,40.717247,15:17:00
34461,339,-74.006805,40.719776,454,-74.004768,40.75687,15:38:00
34476,381,-74.006073,40.709919,352,-74.006584,40.715767,15:25:00
34653,2626,-73.959129,40.801838000000004,2455,-73.963348,40.796089,15:58:00
34856,299,-74.007561,40.725842,904,-73.994812,40.718456,14:05:00
34877,1709,-73.979843,40.748917,1772,-73.978539,40.728745,14:04:00
34895,982,-73.993263,40.767742,806,-73.996948,40.712070000000004,12:28:00
35042,22,-74.01576999999999,40.71767,729,-73.998627,40.713448,13:40:00
35044,385,-74.00601999999999,40.706142,834,-73.99633,40.717594,13:41:00
35082,177,-74.00966600000001,40.712727,160,-74.00997199999999,40.735291,14:54:00
35116,77,-74.01232900000001,40.71394,62,-74.013191,40.704044,14:13:00
35186,248,-74.008347,40.721321,1033,-73.992203,40.719666,15:13:00
35246,310,-74.007347,40.733589,250,-74.008324,40.736187,14:22:00
35363,254,-74.00827,40.707722,421,-74.005325,40.718272999999996,15:17:00
35405,2592,-73.959816,40.813839,2305,-73.967674,40.751995,13:32:00
35518,424,-74.005302,40.722198,424,-74.005302,40.722198,13:00:00
35626,405,-74.00565300000001,40.720058,436,-74.005127,40.709404,15:49:00
35709,466,-74.004532,40.716286,104,-74.011353,40.714909000000006,15:20:00
35805,2512,-73.961792,40.773635999999996,3787,-73.934898,40.811153000000004,14:05:00
35819,887,-73.995102,40.765232,889,-73.995064,40.728809000000005,13:53:00
35855,23,-74.015694,40.704842,550,-74.002602,40.719902000000005,16:27:00
35944,450,-74.004829,40.70966,641,-74.000725,40.735928,15:33:00
36007,373,-74.006248,40.717083,482,-74.004059,40.713135,13:13:00
36026,255,-74.008255,40.736961,115,-74.011002,40.713328999999995,14:05:00
36147,723,-73.99874100000001,40.760104999999996,123,-74.010696,40.717468,15:07:00
36160,2231,-73.969208,40.763477,2671,-73.958099,40.784718,13:50:00
36194,64,-74.01308399999999,40.709148,153,-74.01004,40.734543,12:33:00
36349,3448,-73.941475,40.851002,77,-74.01232900000001,40.71394,13:30:00
36409,1189,-73.989113,40.720306,399,-74.005775,40.717678,13:58:00
36459,381,-74.006073,40.709919,1314,-73.98674,40.711535999999995,13:05:00
36526,329,-74.00698100000001,40.735001000000004,896,-73.994934,40.755268,12:47:00
36565,295,-74.007645,40.748160999999996,10,-74.016975,40.709038,13:13:00
36573,399,-74.005775,40.717678,527,-74.003136,40.731464,14:10:00
36601,3663,-73.937637,40.812748,1575,-73.982086,40.723881,13:48:00
36638,457,-74.004738,40.724266,22,-74.01576999999999,40.71767,15:45:00
36640,34,-74.014542,40.717106,1511,-73.983002,40.721222,15:45:00
36758,2512,-73.961792,40.773635999999996,2512,-73.961792,40.773635999999996,16:28:00
36853,426,-74.00529499999999,40.740025,787,-73.99736800000001,40.762085,13:05:00
36945,295,-74.007645,40.748160999999996,112,-74.011108,40.715590999999996,14:26:00
36946,1057,-73.991646,40.722401,940,-73.994148,40.714283,14:30:00
37022,177,-74.00966600000001,40.712727,935,-73.994232,40.771477000000004,13:40:00
37058,2380,-73.96560699999999,40.774406,2246,-73.968903,40.769901000000004,13:59:00
37105,177,-74.00966600000001,40.712727,864,-73.995689,40.718773,13:55:00
37189,2305,-73.967674,40.751995,1329,-73.98653399999999,40.737049,13:18:00
37447,255,-74.008255,40.736961,335,-74.006866,40.75452,14:28:00
37464,107,-74.011246,40.708304999999996,275,-74.00795699999999,40.717121,12:44:00
37536,129,-74.010544,40.709152,105,-74.011292,40.71891,13:53:00
37543,520,-74.003342,40.735538,223,-74.008728,40.743206,14:11:00
37599,144,-74.010201,40.70332,1511,-73.983002,40.721222,16:26:00
37757,308,-74.00739300000001,40.705181,729,-73.998627,40.713448,13:21:00
37821,247,-74.008347,40.725914,312,-74.00729399999999,40.75309,15:56:00
37822,2843,-73.953888,40.79047,502,-74.003731,40.72625,15:52:00
37837,896,-73.994934,40.755268,152,-74.010071,40.720757,14:55:00
37888,1084,-73.991035,40.72403,908,-73.99475100000001,40.727818,15:25:00
38215,568,-74.002205,40.721621999999996,1063,-73.991425,40.717419,15:25:00
38226,1632,-73.981308,40.720711,3352,-73.943359,40.776863,15:45:00
38239,538,-74.00296800000001,40.721996000000004,1293,-73.987091,40.753609000000004,15:40:00
38390,1993,-73.974518,40.749115,1282,-73.987312,40.752891999999996,15:14:00
38472,177,-74.00966600000001,40.712727,198,-74.009117,40.716919,12:40:00
38587,414,-74.005493,40.738754,517,-74.003372,40.72525,16:23:00
38630,651,-74.000534,40.71843,159,-74.009987,40.701828000000006,14:37:00
38691,3258,-73.94495400000001,40.775585,3258,-73.94495400000001,40.775585,14:35:00
38733,962,-73.99374399999999,40.729008,285,-74.007805,40.709091,14:11:00
38757,320,-74.007118,40.711712,2084,-73.972687,40.790867,16:06:00
39074,255,-74.008255,40.736961,194,-74.00923900000001,40.715519,14:11:00
39078,702,-73.99929,40.708775,426,-74.00529499999999,40.740025,13:22:00
39203,2148,-73.97123,40.795291999999996,2546,-73.961037,40.806828,15:05:00
39217,329,-74.00698100000001,40.735001000000004,65,-74.013023,40.717247,16:35:00
39222,2295,-73.967865,40.802662,2218,-73.969551,40.80035,15:56:00
39289,2483,-73.96249399999999,40.773098,2829,-73.954285,40.783928,13:34:00
39341,354,-74.0065,40.732426000000004,829,-73.996422,40.75832,13:33:00
39483,112,-74.011108,40.715590999999996,214,-74.008881,40.704861,16:25:00
39492,482,-74.004059,40.713135,1709,-73.979843,40.748917,14:48:00
39509,214,-74.008881,40.704861,12,-74.016762,40.709332,13:55:00
39692,186,-74.00946,40.704544,2806,-73.954826,40.824127000000004,14:47:00
39790,2196,-73.97003199999999,40.797253000000005,2546,-73.961037,40.806828,13:36:00
39852,676,-73.99987,40.720432,107,-74.011246,40.708304999999996,15:14:00
39975,908,-73.99475100000001,40.727818,222,-74.00874300000001,40.719028,15:20:00
40046,240,-74.008415,40.744759,1115,-73.99044,40.730953,13:53:00
40136,1948,-73.975166,40.724876,1458,-73.983917,40.711304,15:15:00
40150,2533,-73.96125,40.811893,2218,-73.969551,40.80035,15:21:00
40154,308,-74.00739300000001,40.705181,6,-74.017395,40.708458,16:06:00
40181,162,-74.009918,40.721462,568,-74.002205,40.721621999999996,14:06:00
40182,186,-74.00946,40.704544,426,-74.00529499999999,40.740025,13:49:00
40370,1113,-73.990486,40.719303000000004,14,-74.016624,40.708134,16:23:00
40383,14,-74.016624,40.708134,1254,-73.98781600000001,40.735291,15:34:00
40464,363,-74.00643199999999,40.721813,363,-74.00643199999999,40.721813,15:25:00
40520,34,-74.014542,40.717106,613,-74.00140400000001,40.722557,16:23:00
40630,104,-74.011353,40.714909000000006,1019,-73.992455,40.711754,16:29:00
40740,517,-74.003372,40.72525,517,-74.003372,40.72525,13:33:00
40749,1485,-73.98344399999999,40.722019,550,-74.002602,40.719902000000005,16:52:00
40863,238,-74.00846899999999,40.720612,349,-74.006622,40.736431,15:56:00
40977,226,-74.008698,40.719296,615,-74.001389,40.734482,16:15:00
40987,414,-74.005493,40.738754,641,-74.000725,40.735928,15:24:00
41155,36,-74.014427,40.703152,358,-74.00647,40.73814,13:44:00
41304,371,-74.00631,40.704223999999996,2483,-73.96249399999999,40.773098,14:42:00
41407,432,-74.00518000000001,40.729446,731,-73.998604,40.729687,14:02:00
41433,568,-74.002205,40.721621999999996,660,-74.000359,40.733973999999996,15:54:00
41436,353,-74.00653100000001,40.708225,72,-74.012833,40.70245,16:33:00
41689,845,-73.996063,40.716248,845,-73.996063,40.716248,14:39:00
41742,143,-74.010201,40.707695,378,-74.006134,40.719444,14:19:00
41757,2644,-73.958557,40.7841,2746,-73.956261,40.787224,15:15:00
41905,245,-74.008377,40.716587,257,-74.00823199999999,40.721965999999995,13:59:00
41961,1063,-73.991425,40.717419,728,-73.998657,40.755253,15:11:00
42090,413,-74.00550799999999,40.709091,550,-74.002602,40.719902000000005,15:05:00
42109,2868,-73.953209,40.788528,3536,-73.93985699999999,40.803699,15:24:00
42131,806,-73.996948,40.712070000000004,2029,-73.973801,40.738369,16:04:00
42301,44,-74.014053,40.70908,222,-74.00874300000001,40.719028,14:24:00
42320,2375,-73.96570600000001,40.80043,2588,-73.959923,40.782211,14:50:00
42516,2012,-73.974129,40.73138,3340,-73.943611,40.798553000000005,15:47:00
42531,868,-73.99556,40.730717,292,-74.00766800000001,40.747828999999996,15:51:00
42673,71,-74.01284,40.709709000000004,105,-74.011292,40.71891,14:21:00
42693,273,-74.007988,40.746094,540,-74.002945,40.731136,15:46:00
42743,432,-74.00518000000001,40.729446,383,-74.00604200000001,40.724403,14:05:00
42803,695,-73.99942,40.718681,2352,-73.966537,40.753349,14:43:00
42912,3378,-73.942856,40.785793,3388,-73.942612,40.799927000000004,12:49:00
43064,681,-73.999702,40.711796,735,-73.99852800000001,40.719788,15:58:00
43126,413,-74.00550799999999,40.709091,124,-74.010681,40.721523,17:07:00
43250,2746,-73.956261,40.787224,2454,-73.963364,40.798565,14:39:00
43260,320,-74.007118,40.711712,845,-73.996063,40.716248,14:29:00
43261,575,-74.002113,40.715164,1843,-73.97715,40.738796,14:32:00
43264,4,-74.017578,40.706841,457,-74.004738,40.724266,14:38:00
43316,1354,-73.985886,40.717506,2449,-73.963425,40.76186,16:17:00
43322,1559,-73.982239,40.777153000000006,55,-74.01351899999999,40.706944,16:28:00
43409,2332,-73.967033,40.788483,1684,-73.980354,40.78994,14:57:00
43420,1276,-73.98745,40.778572,2342,-73.966705,40.804176,14:53:00
43503,854,-73.99588,40.724403,540,-74.002945,40.731136,16:02:00
43507,3340,-73.943611,40.798553000000005,3340,-73.943611,40.798553000000005,16:08:00
43730,294,-74.00766800000001,40.725193,595,-74.001694,40.735535,16:03:00
43750,956,-73.99382800000001,40.718143,482,-74.004059,40.713135,14:39:00
43872,14,-74.016624,40.708134,124,-74.010681,40.721523,15:22:00
44000,122,-74.010773,40.729107,122,-74.010773,40.729107,17:10:00
44196,399,-74.005775,40.717678,426,-74.00529499999999,40.740025,14:40:00
44220,1329,-73.98653399999999,40.737049,595,-74.001694,40.735535,18:20:00
44336,2871,-73.953171,40.822617,112,-74.011108,40.715590999999996,15:32:00
44531,95,-74.011581,40.703518,95,-74.011581,40.703518,14:03:00
44566,993,-73.993042,40.725452000000004,2337,-73.966904,40.752831,17:09:00
44593,26,-74.015381,40.715828,498,-74.00383000000001,40.72345,15:16:00
44595,399,-74.005775,40.717678,416,-74.005463,40.732449,15:18:00
44630,701,-73.999313,40.717548,354,-74.0065,40.732426000000004,13:31:00
44708,2117,-73.97189300000001,40.743507,159,-74.009987,40.701828000000006,13:30:00
44856,177,-74.00966600000001,40.712727,363,-74.00643199999999,40.721813,14:17:00
44921,418,-74.00541700000001,40.715237,107,-74.011246,40.708304999999996,15:38:00
45023,166,-74.009865,40.705795,1123,-73.990311,40.71909,13:57:00
45033,119,-74.010834,40.716927,34,-74.014542,40.717106,14:03:00
45147,1649,-73.98098,40.781719,291,-74.00769,40.712547,16:59:00
45260,1000,-73.992836,40.720028000000006,494,-74.00386800000001,40.739418,14:44:00
45342,257,-74.00823199999999,40.721965999999995,73,-74.012787,40.717129,16:39:00
45399,329,-74.00698100000001,40.735001000000004,122,-74.010773,40.729107,16:14:00
45669,908,-73.99475100000001,40.727818,494,-74.00386800000001,40.739418,18:30:00
45728,457,-74.004738,40.724266,457,-74.004738,40.724266,18:20:00
45792,320,-74.007118,40.711712,1189,-73.989113,40.720306,14:44:00
45859,534,-74.00304399999999,40.718025,34,-74.014542,40.717106,16:12:00
45876,736,-73.998512,40.764214,383,-74.00604200000001,40.724403,16:27:00
45889,413,-74.00550799999999,40.709091,96,-74.011574,40.704018,19:04:00
45916,426,-74.00529499999999,40.740025,385,-74.00601999999999,40.706142,16:10:00
46045,320,-74.007118,40.711712,399,-74.005775,40.717678,18:38:00
46156,803,-73.99698599999999,40.716541,23,-74.015694,40.704842,18:32:00
46311,123,-74.010696,40.717468,354,-74.0065,40.732426000000004,16:28:00
46375,1846,-73.977005,40.787621,2095,-73.972397,40.79401,17:55:00
46381,538,-74.00296800000001,40.721996000000004,526,-74.003151,40.734898,17:57:00
46534,295,-74.007645,40.748160999999996,1620,-73.981445,40.780239,14:35:00
46623,2914,-73.952522,40.792347,2210,-73.969658,40.762859000000006,14:57:00
46639,353,-74.00653100000001,40.708225,550,-74.002602,40.719902000000005,15:28:00
46649,1573,-73.982086,40.773006,2672,-73.958023,40.778805,15:59:00
46716,3146,-73.947281,40.770943,2746,-73.956261,40.787224,17:15:00
46855,1997,-73.97449499999999,40.790805999999996,4039,-73.918839,40.873222,16:28:00
46952,1190,-73.98909,40.773495000000004,723,-73.99874100000001,40.760104999999996,18:17:00
46955,393,-74.00589000000001,40.71468,34,-74.014542,40.717106,18:22:00
46961,534,-74.00304399999999,40.718025,330,-74.006973,40.729496000000005,18:20:00
46988,403,-74.005684,40.737553000000005,65,-74.013023,40.717247,11:42:00
47063,308,-74.00739300000001,40.705181,141,-74.010231,40.732414,14:27:00
47089,457,-74.004738,40.724266,273,-74.007988,40.746094,16:42:00
47119,1377,-73.985359,40.773491,2093,-73.97245,40.769493,18:31:00
47133,608,-74.00145,40.721252,152,-74.010071,40.720757,15:30:00
47208,399,-74.005775,40.717678,613,-74.00140400000001,40.722557,17:13:00
47273,517,-74.003372,40.72525,676,-73.99987,40.720432,14:01:00
47334,320,-74.007118,40.711712,36,-74.014427,40.703152,16:38:00
47590,2483,-73.96249399999999,40.773098,3183,-73.946617,40.794918,18:26:00
47670,105,-74.011292,40.71891,115,-74.011002,40.713328999999995,15:59:00
47854,166,-74.009865,40.705795,1151,-73.989861,40.720531,14:50:00
47871,82,-74.012054,40.720306,82,-74.012054,40.720306,13:57:00
47904,104,-74.011353,40.714909000000006,568,-74.002205,40.721621999999996,16:09:00
47965,27,-74.015221,40.716015000000006,95,-74.011581,40.703518,18:19:00
48134,3258,-73.94495400000001,40.775585,2483,-73.96249399999999,40.773098,16:00:00
48178,418,-74.00541700000001,40.715237,237,-74.008476,40.750324,17:04:00
48250,3223,-73.94567099999999,40.781948,2148,-73.97123,40.795291999999996,16:06:00
48453,2391,-73.96521,40.801105,2084,-73.972687,40.790867,16:27:00
48553,908,-73.99475100000001,40.727818,339,-74.006805,40.719776,14:48:00
48622,125,-74.010666,40.729839,155,-74.010025,40.739323,18:33:00
48653,245,-74.008377,40.716587,308,-74.00739300000001,40.705181,16:00:00
48683,904,-73.994812,40.718456,305,-74.00745400000001,40.706051,14:55:00
48832,641,-74.000725,40.735928,415,-74.005486,40.707386,13:53:00
48899,34,-74.014542,40.717106,82,-74.012054,40.720306,15:40:00
49031,995,-73.99297299999999,40.713825,718,-73.998863,40.714996,17:45:00
49037,2712,-73.957169,40.785984,2492,-73.962257,40.772999,17:50:00
49232,922,-73.994469,40.725845,660,-74.000359,40.733973999999996,16:17:00
49243,1091,-73.990936,40.77095,2218,-73.969551,40.80035,17:08:00
49263,370,-74.00631,40.714165,457,-74.004738,40.724266,15:33:00
49356,679,-73.99984,40.719193,1078,-73.991173,40.717341999999995,17:46:00
49379,2352,-73.966537,40.753349,186,-74.00946,40.704544,16:34:00
49395,1796,-73.97805,40.737553000000005,2578,-73.96018199999999,40.758038,17:25:00
49435,107,-74.011246,40.708304999999996,1913,-73.9758,40.740643,15:57:00
49606,1891,-73.97625,40.740025,3358,-73.94326,40.793503,16:18:00
49676,112,-74.011108,40.715590999999996,567,-74.00222,40.720341,18:19:00
49871,392,-74.005898,40.725025,186,-74.00946,40.704544,16:37:00
50052,238,-74.00846899999999,40.720612,89,-74.01178,40.72163,11:48:00
50057,2909,-73.95258299999999,40.808239,2526,-73.961464,40.801173999999996,16:31:00
50091,42,-74.014282,40.704609000000005,2483,-73.96249399999999,40.773098,16:42:00
50342,129,-74.010544,40.709152,1996,-73.974503,40.732727000000004,17:50:00
50348,144,-74.010201,40.70332,142,-74.010223,40.724171000000005,18:25:00
50508,55,-74.01351899999999,40.706944,65,-74.013023,40.717247,14:35:00
50526,1918,-73.975693,40.728474,429,-74.005211,40.720627,11:47:00
50631,1982,-73.974693,40.774727,2644,-73.958557,40.7841,14:41:00
50653,736,-73.998512,40.764214,1861,-73.976784,40.754269,16:50:00
50736,1953,-73.975105,40.718765000000005,1585,-73.981995,40.77705,16:04:00
50964,2218,-73.969551,40.80035,2533,-73.96125,40.811893,16:01:00
51102,2107,-73.97221400000001,40.793949,2521,-73.96154,40.806133,14:58:00
51213,72,-74.012833,40.70245,779,-73.997612,40.753948,14:19:00
51453,2483,-73.96249399999999,40.773098,2767,-73.95565,40.782051,16:14:00
51708,112,-74.011108,40.715590999999996,466,-74.004532,40.716286,13:32:00
51859,2117,-73.97189300000001,40.743507,214,-74.008881,40.704861,15:24:00
51954,1084,-73.991035,40.72403,572,-74.002144,40.708149,16:38:00
52059,517,-74.003372,40.72525,355,-74.0065,40.736958,18:33:00
52254,2107,-73.97221400000001,40.793949,414,-74.005493,40.738754,17:40:00
52297,123,-74.010696,40.717468,237,-74.008476,40.750324,14:29:00
52317,34,-74.014542,40.717106,122,-74.010773,40.729107,16:27:00
52325,786,-73.997398,40.721451,985,-73.99324,40.730953,16:41:00
52330,2218,-73.969551,40.80035,868,-73.99556,40.730717,16:17:00
52372,508,-74.003632,40.723682000000004,10,-74.016975,40.709038,14:32:00
52500,18,-74.016335,40.70649,592,-74.00177,40.737675,16:54:00
52507,432,-74.00518000000001,40.729446,432,-74.00518000000001,40.729446,16:10:00
52535,631,-74.000984,40.717934,1087,-73.990974,40.718348999999996,13:32:00
52684,323,-74.00705699999999,40.709872999999995,587,-74.00188399999999,40.719398,11:48:00
52875,346,-74.006676,40.716534,788,-73.99736,40.766182,17:33:00
52945,284,-74.007812,40.703049,429,-74.005211,40.720627,16:03:00
52997,1316,-73.986717,40.771626,2672,-73.958023,40.778805,18:13:00
53153,1567,-73.98217,40.72097,807,-73.99691,40.766791999999995,16:57:00
53314,908,-73.99475100000001,40.727818,305,-74.00745400000001,40.706051,17:19:00
53406,2248,-73.968857,40.750095,3043,-73.94950899999999,40.768467,14:47:00
53964,608,-74.00145,40.721252,2034,-73.97374,40.794594000000004,17:11:00
54103,1632,-73.981308,40.720711,930,-73.99427800000001,40.715621999999996,16:13:00
54219,183,-74.009499,40.706379,357,-74.006477,40.711231,17:23:00
54321,396,-74.005852,40.711681,845,-73.996063,40.716248,17:17:00
54337,454,-74.004768,40.75687,454,-74.004768,40.75687,17:02:00
54386,1522,-73.98275,40.733925,12,-74.016762,40.709332,15:21:00
54425,355,-74.0065,40.736958,2512,-73.961792,40.773635999999996,16:01:00
54458,595,-74.001694,40.735535,373,-74.006248,40.717083,13:35:00
54532,2164,-73.97085600000001,40.793377,3207,-73.94603000000001,40.812119,14:56:00
54653,346,-74.006676,40.716534,3204,-73.946083,40.821262,15:52:00
54814,399,-74.005775,40.717678,908,-73.99475100000001,40.727818,16:32:00
54879,810,-73.996864,40.757713,1846,-73.977005,40.787621,16:03:00
54919,1756,-73.978806,40.719826,1756,-73.978806,40.719826,17:18:00
54993,2235,-73.969116,40.798508,1751,-73.97893499999999,40.785121999999994,17:13:00
55143,23,-74.015694,40.704842,1408,-73.984833,40.71767,14:56:00
55217,2483,-73.96249399999999,40.773098,1848,-73.976974,40.754349,17:17:00
55328,1367,-73.985519,40.721985,2492,-73.962257,40.772999,17:17:00
55333,2954,-73.951599,40.79361,2954,-73.951599,40.79361,13:22:00
55683,183,-74.009499,40.706379,414,-74.005493,40.738754,17:43:00
55804,101,-74.011505,40.702957,640,-74.000786,40.71529,15:45:00
55833,34,-74.014542,40.717106,1664,-73.980713,40.712208000000004,13:14:00
55973,112,-74.011108,40.715590999999996,412,-74.005524,40.705791,18:38:00
55997,177,-74.00966600000001,40.712727,680,-73.999832,40.763126,16:09:00
56147,2218,-73.969551,40.80035,2,-74.01792900000001,40.706177000000004,17:00:00
56325,177,-74.00966600000001,40.712727,1126,-73.99026500000001,40.714417,17:10:00
56376,248,-74.008347,40.721321,573,-74.002136,40.737064000000004,18:18:00
56426,304,-74.007462,40.707218,357,-74.006477,40.711231,17:22:00
56599,177,-74.00966600000001,40.712727,789,-73.99736,40.729942,18:32:00
56728,127,-74.010559,40.713844,122,-74.010773,40.729107,17:58:00
56806,1918,-73.975693,40.728474,1271,-73.987526,40.741528,19:05:00
56946,240,-74.008415,40.744759,125,-74.010666,40.729839,17:19:00
57105,731,-73.998604,40.729687,152,-74.010071,40.720757,17:28:00
57119,896,-73.994934,40.755268,427,-74.00527199999999,40.728851,18:31:00
57161,2702,-73.95744300000001,40.761787,23,-74.015694,40.704842,14:44:00
57206,417,-74.005424,40.727878999999994,396,-74.005852,40.711681,16:48:00
57335,728,-73.998657,40.755253,982,-73.993263,40.767742,18:40:00
57385,1996,-73.974503,40.732727000000004,861,-73.99575,40.720894,18:05:00
57607,1113,-73.990486,40.719303000000004,1522,-73.98275,40.733925,16:50:00
57621,2034,-73.97374,40.794594000000004,2236,-73.969093,40.800976,16:51:00
57926,234,-74.008553,40.733402000000005,234,-74.008553,40.733402000000005,16:40:00
58028,1632,-73.981308,40.720711,1254,-73.98781600000001,40.735291,19:36:00
58038,950,-73.994034,40.731285,950,-73.994034,40.731285,18:21:00
58235,962,-73.99374399999999,40.729008,997,-73.99290500000001,40.719891,15:32:00
58337,2780,-73.955368,40.80442,754,-73.99807,40.730289,18:11:00
58438,299,-74.007561,40.725842,889,-73.995064,40.728809000000005,17:11:00
58743,1069,-73.991325,40.719402,2375,-73.96570600000001,40.80043,16:31:00
58811,2634,-73.958839,40.815182,124,-74.010681,40.721523,18:18:00
58837,370,-74.00631,40.714165,6,-74.017395,40.708458,15:32:00
58964,2122,-73.97177099999999,40.792126,2391,-73.96521,40.801105,15:00:00
58981,1511,-73.983002,40.721222,3311,-73.94405400000001,40.782967,14:52:00
59093,122,-74.010773,40.729107,82,-74.012054,40.720306,16:46:00
59118,26,-74.015381,40.715828,1567,-73.98217,40.72097,16:43:00
59321,1485,-73.98344399999999,40.722019,1909,-73.975861,40.747257,17:27:00
59376,426,-74.00529499999999,40.740025,517,-74.003372,40.72525,18:39:00
59417,904,-73.994812,40.718456,110,-74.011169,40.701782,17:48:00
59447,866,-73.995621,40.755554,494,-74.00386800000001,40.739418,18:18:00
59543,72,-74.012833,40.70245,1623,-73.981438,40.716716999999996,19:33:00
59554,1945,-73.975235,40.735935,908,-73.99475100000001,40.727818,19:32:00
59751,127,-74.010559,40.713844,3352,-73.943359,40.776863,18:18:00
59811,496,-74.00386,40.738754,496,-74.00386,40.738754,16:41:00
59862,1866,-73.976685,40.727108,613,-74.00140400000001,40.722557,15:24:00
60024,56,-74.01349599999999,40.714481,137,-74.010338,40.723515,19:38:00
60046,2133,-73.971558,40.76025,2231,-73.969208,40.763477,18:27:00
60107,3074,-73.94884499999999,40.785858000000005,3461,-73.941139,40.844048,16:44:00
60122,136,-74.01039899999999,40.718803,517,-74.003372,40.72525,19:16:00
60255,2289,-73.967995,40.771149,353,-74.00653100000001,40.708225,18:34:00
60378,2942,-73.951881,40.784565,2942,-73.951881,40.784565,19:13:00
60405,198,-74.009117,40.716919,446,-74.004929,40.735306,20:23:00
60428,1087,-73.990974,40.718348999999996,358,-74.00647,40.73814,17:48:00
60467,786,-73.997398,40.721451,14,-74.016624,40.708134,18:06:00
60470,255,-74.008255,40.736961,255,-74.008255,40.736961,18:12:00
60493,1113,-73.990486,40.719303000000004,34,-74.014542,40.717106,15:58:00
60522,432,-74.00518000000001,40.729446,432,-74.00518000000001,40.729446,16:16:00
60586,308,-74.00739300000001,40.705181,568,-74.002205,40.721621999999996,16:47:00
60605,129,-74.010544,40.709152,1087,-73.990974,40.718348999999996,18:51:00
60630,519,-74.003365,40.708138,305,-74.00745400000001,40.706051,16:55:00
60649,432,-74.00518000000001,40.729446,485,-74.004028,40.716869,19:17:00
60898,1937,-73.975403,40.717594,3352,-73.943359,40.776863,20:10:00
60910,1891,-73.97625,40.740025,1891,-73.97625,40.740025,18:43:00
60991,96,-74.011574,40.704018,124,-74.010681,40.721523,18:12:00
61012,424,-74.005302,40.722198,1029,-73.992233,40.721249,16:05:00
61125,105,-74.011292,40.71891,291,-74.00769,40.712547,16:52:00
61228,2246,-73.968903,40.769901000000004,254,-74.00827,40.707722,17:20:00
61279,414,-74.005493,40.738754,55,-74.01351899999999,40.706944,18:42:00
61312,568,-74.002205,40.721621999999996,598,-74.001663,40.732319,16:43:00
61403,265,-74.00811800000001,40.722626,194,-74.00923900000001,40.715519,16:51:00
61441,136,-74.01039899999999,40.718803,141,-74.010231,40.732414,17:58:00
61515,2450,-73.963425,40.771824,194,-74.00923900000001,40.715519,17:38:00
61546,214,-74.008881,40.704861,162,-74.009918,40.721462,19:39:00
61669,3352,-73.943359,40.776863,1522,-73.98275,40.733925,19:11:00
61708,1213,-73.988647,40.742813,1843,-73.97715,40.738796,18:42:00
61789,3074,-73.94884499999999,40.785858000000005,3074,-73.94884499999999,40.785858000000005,18:19:00
61877,575,-74.002113,40.715164,10,-74.016975,40.709038,18:44:00
61912,587,-74.00188399999999,40.719398,3112,-73.948006,40.817116,17:38:00
61998,2677,-73.957886,40.761173,834,-73.99633,40.717594,17:56:00
62018,896,-73.994934,40.755268,754,-73.99807,40.730289,17:56:00
62050,587,-74.00188399999999,40.719398,396,-74.005852,40.711681,17:58:00
62126,50,-74.01377099999999,40.701240999999996,2235,-73.969116,40.798508,14:25:00
62255,426,-74.00529499999999,40.740025,697,-73.999367,40.730057,17:56:00
62332,124,-74.010681,40.721523,245,-74.008377,40.716587,17:53:00
62439,3183,-73.946617,40.794918,110,-74.011169,40.701782,18:43:00
62510,2954,-73.951599,40.79361,812,-73.99681899999999,40.720486,19:12:00
62567,370,-74.00631,40.714165,680,-73.999832,40.763126,16:24:00
62590,466,-74.004532,40.716286,308,-74.00739300000001,40.705181,19:36:00
62660,2246,-73.968903,40.769901000000004,598,-74.001663,40.732319,18:39:00
62799,1158,-73.989754,40.715553,273,-74.007988,40.746094,16:44:00
62818,353,-74.00653100000001,40.708225,1496,-73.983253,40.710815000000004,16:46:00
62880,2192,-73.970108,40.762238,2095,-73.972397,40.79401,17:53:00
62899,598,-74.001663,40.732319,731,-73.998604,40.729687,18:42:00
63021,914,-73.994652,40.725929,1666,-73.98069,40.785038,17:22:00
63083,1123,-73.990311,40.71909,222,-74.00874300000001,40.719028,16:05:00
63140,194,-74.00923900000001,40.715519,22,-74.01576999999999,40.71767,17:34:00
63218,1934,-73.975426,40.747883,583,-74.00194499999999,40.736416,19:07:00
63270,595,-74.001694,40.735535,985,-73.99324,40.730953,19:14:00
63284,2634,-73.958839,40.815182,3223,-73.94567099999999,40.781948,19:08:00
63418,248,-74.008347,40.721321,127,-74.010559,40.713844,17:38:00
63544,6,-74.017395,40.708458,240,-74.008415,40.744759,18:21:00
63584,908,-73.99475100000001,40.727818,445,-74.004936,40.731544,19:45:00
63638,278,-74.007942,40.714928,119,-74.010834,40.716927,18:13:00
63652,1367,-73.985519,40.721985,1367,-73.985519,40.721985,18:51:00
63725,1276,-73.98745,40.778572,2691,-73.957726,40.806290000000004,17:56:00
63908,3882,-73.931839,40.846798,1970,-73.974907,40.73703,17:48:00
63942,169,-74.009827,40.708118,602,-74.001572,40.735126,17:32:00
63947,421,-74.005325,40.718272999999996,493,-74.00386800000001,40.737545000000004,17:36:00
63961,3524,-73.940025,40.797939,2780,-73.955368,40.80442,17:25:00
64131,399,-74.005775,40.717678,962,-73.99374399999999,40.729008,18:35:00
64303,55,-74.01351899999999,40.706944,429,-74.005211,40.720627,19:11:00
64338,1908,-73.975876,40.754704,393,-74.00589000000001,40.71468,17:03:00
64380,466,-74.004532,40.716286,92,-74.011673,40.709686,18:43:00
64385,12,-74.016762,40.709332,914,-73.994652,40.725929,19:31:00
64499,3999,-73.925003,40.866337,2164,-73.97085600000001,40.793377,16:44:00
64513,1109,-73.990555,40.719177,119,-74.010834,40.716927,15:42:00
64603,1906,-73.975891,40.788921,119,-74.010834,40.716927,18:29:00
64667,160,-74.00997199999999,40.735291,312,-74.00729399999999,40.75309,19:00:00
64996,1766,-73.978638,40.767693,234,-74.008553,40.733402000000005,15:32:00
65093,1151,-73.989861,40.720531,1418,-73.984703,40.714512,15:37:00
65139,1632,-73.981308,40.720711,1913,-73.9758,40.740643,18:33:00
65151,403,-74.005684,40.737553000000005,301,-74.00753,40.717667,18:32:00
65179,245,-74.008377,40.716587,1087,-73.990974,40.718348999999996,19:06:00
65184,2588,-73.959923,40.782211,2829,-73.954285,40.783928,19:02:00
65221,308,-74.00739300000001,40.705181,466,-74.004532,40.716286,19:33:00
65545,240,-74.008415,40.744759,1738,-73.979225,40.715405,18:39:00
65776,3524,-73.940025,40.797939,1461,-73.983879,40.7132,19:38:00
65960,993,-73.993042,40.725452000000004,993,-73.993042,40.725452000000004,16:53:00
65962,354,-74.0065,40.732426000000004,379,-74.006119,40.723746999999996,18:28:00
65965,222,-74.00874300000001,40.719028,1063,-73.991425,40.717419,19:10:00
66030,245,-74.008377,40.716587,385,-74.00601999999999,40.706142,18:44:00
66082,3524,-73.940025,40.797939,1937,-73.975403,40.717594,18:06:00
66096,6,-74.017395,40.708458,568,-74.002205,40.721621999999996,16:00:00
66172,144,-74.010201,40.70332,1537,-73.982475,40.718288,17:11:00
66444,329,-74.00698100000001,40.735001000000004,508,-74.003632,40.723682000000004,17:12:00
66704,2517,-73.961624,40.756058,1329,-73.98653399999999,40.737049,17:57:00
66822,110,-74.011169,40.701782,308,-74.00739300000001,40.705181,18:44:00
66824,1485,-73.98344399999999,40.722019,1772,-73.978539,40.728745,19:17:00
66905,413,-74.00550799999999,40.709091,1972,-73.974876,40.734203,18:48:00
66946,575,-74.002113,40.715164,735,-73.99852800000001,40.719788,17:31:00
66963,34,-74.014542,40.717106,311,-74.007317,40.727329,19:01:00
66983,354,-74.0065,40.732426000000004,1894,-73.976212,40.725327,19:00:00
67013,553,-74.00254100000001,40.718628,418,-74.00541700000001,40.715237,17:39:00
67024,429,-74.005211,40.720627,177,-74.00966600000001,40.712727,18:42:00
67177,517,-74.003372,40.72525,301,-74.00753,40.717667,19:40:00
67272,493,-74.00386800000001,40.737545000000004,1137,-73.990044,40.721920000000004,17:54:00
67423,1408,-73.984833,40.71767,417,-74.005424,40.727878999999994,17:54:00
67425,908,-73.99475100000001,40.727818,417,-74.005424,40.727878999999994,18:02:00
67452,538,-74.00296800000001,40.721996000000004,1209,-73.988701,40.714184,19:07:00
67595,695,-73.99942,40.718681,2248,-73.968857,40.750095,16:47:00
67598,812,-73.99681899999999,40.720486,371,-74.00631,40.704223999999996,16:59:00
67691,868,-73.99556,40.730717,904,-73.994812,40.718456,19:34:00
68002,421,-74.005325,40.718272999999996,462,-74.004623,40.731003,18:24:00
68049,114,-74.011009,40.708595,1300,-73.98696899999999,40.717857,18:35:00
68086,12,-74.016762,40.709332,308,-74.00739300000001,40.705181,19:45:00
68126,458,-74.004684,40.73032,864,-73.995689,40.718773,17:32:00
68128,265,-74.00811800000001,40.722626,119,-74.010834,40.716927,17:41:00
68196,2546,-73.961037,40.806828,2526,-73.961464,40.801173999999996,18:41:00
68289,250,-74.008324,40.736187,112,-74.011108,40.715590999999996,18:01:00
68344,62,-74.013191,40.704044,12,-74.016762,40.709332,16:32:00
68383,458,-74.004684,40.73032,1913,-73.9758,40.740643,19:16:00
68400,6,-74.017395,40.708458,570,-74.002174,40.722931,17:27:00
68419,341,-74.006783,40.706722,341,-74.006783,40.706722,18:49:00
68557,713,-73.999031,40.72142,713,-73.999031,40.72142,16:53:00
68685,772,-73.997765,40.716812,413,-74.00550799999999,40.709091,18:23:00
68693,1029,-73.992233,40.721249,429,-74.005211,40.720627,18:19:00
68918,405,-74.00565300000001,40.720058,1057,-73.991646,40.722401,19:02:00
69020,1705,-73.979919,40.783798,2455,-73.963348,40.796089,18:19:00
69032,2288,-73.967995,40.801384000000006,1684,-73.980354,40.78994,16:52:00
69099,200,-74.00907099999999,40.730434,214,-74.008881,40.704861,18:37:00
69148,1823,-73.97758499999999,40.713249,519,-74.003365,40.708138,18:24:00
69394,417,-74.005424,40.727878999999994,353,-74.00653100000001,40.708225,18:40:00
69456,881,-73.99526999999999,40.727211,772,-73.997765,40.716812,17:12:00
69461,787,-73.99736800000001,40.762085,517,-74.003372,40.72525,17:27:00
69494,250,-74.008324,40.736187,985,-73.99324,40.730953,16:07:00
69528,6,-74.017395,40.708458,56,-74.01349599999999,40.714481,17:39:00
69547,87,-74.011887,40.712868,134,-74.010452,40.722858,17:33:00
69689,494,-74.00386800000001,40.739418,494,-74.00386800000001,40.739418,17:30:00
69722,1151,-73.989861,40.720531,1575,-73.982086,40.723881,17:04:00
69913,27,-74.015221,40.716015000000006,330,-74.006973,40.729496000000005,19:38:00
69944,1575,-73.982086,40.723881,1575,-73.982086,40.723881,19:11:00
69976,396,-74.005852,40.711681,247,-74.008347,40.725914,19:05:00
69987,2367,-73.966011,40.767857,2578,-73.96018199999999,40.758038,17:30:00
70189,275,-74.00795699999999,40.717121,107,-74.011246,40.708304999999996,17:34:00
70380,2084,-73.972687,40.790867,2218,-73.969551,40.80035,18:58:00
70441,429,-74.005211,40.720627,429,-74.005211,40.720627,19:10:00
70467,2546,-73.961037,40.806828,1416,-73.984741,40.785728000000006,17:58:00
70635,1213,-73.988647,40.742813,950,-73.994034,40.731285,18:20:00
70714,320,-74.007118,40.711712,300,-74.007545,40.715431,19:14:00
70805,325,-74.00705,40.718269,62,-74.013191,40.704044,16:51:00
70892,325,-74.00705,40.718269,454,-74.004768,40.75687,18:28:00
70923,2483,-73.96249399999999,40.773098,2483,-73.96249399999999,40.773098,17:54:00
71170,104,-74.011353,40.714909000000006,137,-74.010338,40.723515,18:51:00
71229,353,-74.00653100000001,40.708225,427,-74.00527199999999,40.728851,16:21:00
71262,42,-74.014282,40.704609000000005,595,-74.001694,40.735535,17:53:00
71277,2780,-73.955368,40.80442,2391,-73.96521,40.801105,18:02:00
71282,2163,-73.970901,40.748363,540,-74.002945,40.731136,17:42:00
71304,1151,-73.989861,40.720531,626,-74.00110600000001,40.73344,18:02:00
71308,2352,-73.966537,40.753349,491,-74.003876,40.73814,17:58:00
71315,112,-74.011108,40.715590999999996,186,-74.00946,40.704544,18:15:00
71323,341,-74.006783,40.706722,56,-74.01349599999999,40.714481,19:11:00
71564,787,-73.99736800000001,40.762085,1078,-73.991173,40.717341999999995,17:07:00
71631,421,-74.005325,40.718272999999996,595,-74.001694,40.735535,19:44:00
71663,27,-74.015221,40.716015000000006,248,-74.008347,40.721321,18:49:00
71694,112,-74.011108,40.715590999999996,304,-74.007462,40.707218,17:51:00
71947,861,-73.99575,40.720894,300,-74.007545,40.715431,18:40:00
72373,2450,-73.963425,40.771824,2450,-73.963425,40.771824,19:06:00
72414,26,-74.015381,40.715828,345,-74.006691,40.720436,17:48:00
72441,896,-73.994934,40.755268,194,-74.00923900000001,40.715519,18:43:00
72619,3082,-73.948608,40.789055,1879,-73.976433,40.719051,20:17:00
72626,1109,-73.990555,40.719177,2375,-73.96570600000001,40.80043,20:03:00
72657,286,-74.007805,40.731784999999995,1271,-73.987526,40.741528,18:23:00
72778,1433,-73.984444,40.733032,861,-73.99575,40.720894,18:52:00
73053,72,-74.012833,40.70245,147,-74.01015500000001,40.712063,18:11:00
73073,152,-74.010071,40.720757,731,-73.998604,40.729687,19:14:00
73099,2612,-73.959419,40.776894,3249,-73.94522099999999,40.796828999999995,20:21:00
73105,429,-74.005211,40.720627,864,-73.995689,40.718773,19:50:00
73169,2295,-73.967865,40.802662,789,-73.99736,40.729942,18:13:00
73393,183,-74.009499,40.706379,18,-74.016335,40.70649,20:06:00
73471,908,-73.99475100000001,40.727818,779,-73.997612,40.753948,19:49:00
73503,1937,-73.975403,40.717594,1937,-73.975403,40.717594,19:13:00
73523,112,-74.011108,40.715590999999996,550,-74.002602,40.719902000000005,18:27:00
73720,1078,-73.991173,40.717341999999995,602,-74.001572,40.735126,17:37:00
73858,183,-74.009499,40.706379,2954,-73.951599,40.79361,16:46:00
73876,679,-73.99984,40.719193,396,-74.005852,40.711681,19:16:00
73879,219,-74.008812,40.706013,105,-74.011292,40.71891,19:16:00
73904,101,-74.011505,40.702957,1078,-73.991173,40.717341999999995,18:38:00
73927,2998,-73.950554,40.7672,1354,-73.985886,40.717506,16:42:00
74051,1906,-73.975891,40.788921,1316,-73.986717,40.771626,19:56:00
74054,432,-74.00518000000001,40.729446,27,-74.015221,40.716015000000006,18:20:00
74055,1567,-73.98217,40.72097,651,-74.000534,40.71843,18:13:00
74273,1906,-73.975891,40.788921,2677,-73.957886,40.761173,18:47:00
74313,278,-74.007942,40.714928,345,-74.006691,40.720436,17:03:00
74365,3352,-73.943359,40.776863,2517,-73.961624,40.756058,19:49:00
74687,27,-74.015221,40.716015000000006,2483,-73.96249399999999,40.773098,17:20:00
74690,2391,-73.96521,40.801105,2391,-73.96521,40.801105,17:34:00
74716,403,-74.005684,40.737553000000005,1901,-73.976028,40.723690000000005,19:11:00
74774,250,-74.008324,40.736187,1115,-73.99044,40.730953,19:20:00
74821,1109,-73.990555,40.719177,2521,-73.96154,40.806133,18:54:00
74936,96,-74.011574,40.704018,357,-74.006477,40.711231,19:24:00
74946,346,-74.006676,40.716534,517,-74.003372,40.72525,18:57:00
74965,786,-73.997398,40.721451,908,-73.99475100000001,40.727818,17:47:00
75324,701,-73.999313,40.717548,144,-74.010201,40.70332,19:11:00
75363,466,-74.004532,40.716286,502,-74.003731,40.72625,19:12:00
75454,373,-74.006248,40.717083,381,-74.006073,40.709919,20:22:00
75572,396,-74.005852,40.711681,2012,-73.974129,40.73138,17:54:00
75596,754,-73.99807,40.730289,754,-73.99807,40.730289,19:47:00
75695,2914,-73.952522,40.792347,2942,-73.951881,40.784565,18:09:00
75726,454,-74.004768,40.75687,3622,-73.938377,40.853539000000005,16:44:00
75745,458,-74.004684,40.73032,723,-73.99874100000001,40.760104999999996,20:59:00
75778,608,-74.00145,40.721252,454,-74.004768,40.75687,15:55:00
75819,2485,-73.962456,40.804885999999996,3296,-73.944328,40.788059000000004,17:40:00
75968,956,-73.99382800000001,40.718143,1945,-73.975235,40.735935,19:35:00
76194,2588,-73.959923,40.782211,2454,-73.963364,40.798565,17:32:00
76316,3509,-73.94023100000001,40.851326,2868,-73.953209,40.788528,17:17:00
76319,325,-74.00705,40.718269,275,-74.00795699999999,40.717121,17:40:00
76328,223,-74.008728,40.743206,676,-73.99987,40.720432,18:04:00
76369,27,-74.015221,40.716015000000006,226,-74.008698,40.719296,19:49:00
76382,2746,-73.956261,40.787224,2588,-73.959923,40.782211,17:03:00
76461,36,-74.014427,40.703152,494,-74.00386800000001,40.739418,19:18:00
76498,2454,-73.963364,40.798565,454,-74.004768,40.75687,18:55:00
76507,245,-74.008377,40.716587,1063,-73.991425,40.717419,18:56:00
76538,1492,-73.983337,40.714931,152,-74.010071,40.720757,19:32:00
76544,415,-74.005486,40.707386,186,-74.00946,40.704544,18:30:00
76581,238,-74.00846899999999,40.720612,520,-74.003342,40.735538,17:36:00
76645,418,-74.00541700000001,40.715237,44,-74.014053,40.70908,18:11:00
76742,2288,-73.967995,40.801384000000006,861,-73.99575,40.720894,20:51:00
76837,573,-74.002136,40.737064000000004,123,-74.010696,40.717468,19:44:00
77041,278,-74.007942,40.714928,237,-74.008476,40.750324,18:42:00
77131,1213,-73.988647,40.742813,1909,-73.975861,40.747257,18:53:00
77254,370,-74.00631,40.714165,701,-73.999313,40.717548,17:29:00
77271,129,-74.010544,40.709152,129,-74.010544,40.709152,18:02:00
77309,92,-74.011673,40.709686,2265,-73.968475,40.796642,19:05:00
77465,27,-74.015221,40.716015000000006,184,-74.009491,40.717995,21:08:00
77584,803,-73.99698599999999,40.716541,413,-74.00550799999999,40.709091,19:21:00
77655,226,-74.008698,40.719296,846,-73.996063,40.730156,19:14:00
77730,399,-74.005775,40.717678,273,-74.007988,40.746094,19:24:00
77831,380,-74.006088,40.711971000000005,186,-74.00946,40.704544,17:02:00
77863,517,-74.003372,40.72525,396,-74.005852,40.711681,17:47:00
77880,962,-73.99374399999999,40.729008,129,-74.010544,40.709152,17:49:00
77883,296,-74.007637,40.708346999999996,458,-74.004684,40.73032,17:44:00
77947,1970,-73.974907,40.73703,1993,-73.974518,40.749115,19:56:00
78031,493,-74.00386800000001,40.737545000000004,1408,-73.984833,40.71767,20:55:00
78044,1109,-73.990555,40.719177,2198,-73.969948,40.748844,19:57:00
78101,346,-74.006676,40.716534,641,-74.000725,40.735928,19:50:00
78233,1195,-73.989037,40.721615,908,-73.99475100000001,40.727818,19:06:00
78374,2450,-73.963425,40.771824,2332,-73.967033,40.788483,18:47:00
78490,112,-74.011108,40.715590999999996,220,-74.00878900000001,40.704212,20:02:00
78570,2334,-73.967003,40.752311999999996,2133,-73.971558,40.76025,17:04:00
78572,2533,-73.96125,40.811893,2095,-73.972397,40.79401,21:05:00
78573,2533,-73.96125,40.811893,1209,-73.988701,40.714184,20:37:00
78620,2342,-73.966705,40.804176,2691,-73.957726,40.806290000000004,19:46:00
78631,3424,-73.94194,40.822807,1970,-73.974907,40.73703,19:33:00
78767,112,-74.011108,40.715590999999996,1756,-73.978806,40.719826,17:29:00
78846,3273,-73.944763,40.774937,1979,-73.974747,40.745174,19:19:00
78875,681,-73.999702,40.711796,186,-74.00946,40.704544,19:22:00
78882,194,-74.00923900000001,40.715519,572,-74.002144,40.708149,19:20:00
78917,997,-73.99290500000001,40.719891,997,-73.99290500000001,40.719891,21:00:00
78926,46,-74.013962,40.707111,1972,-73.974876,40.734203,17:39:00
78971,458,-74.004684,40.73032,308,-74.00739300000001,40.705181,19:48:00
79034,1273,-73.987488,40.752159000000006,184,-74.009491,40.717995,16:54:00
79047,186,-74.00946,40.704544,121,-74.01080300000001,40.711018,20:32:00
79129,695,-73.99942,40.718681,554,-74.00251800000001,40.760086,20:16:00
79299,3296,-73.944328,40.788059000000004,308,-74.00739300000001,40.705181,16:43:00
79327,729,-73.998627,40.713448,1664,-73.980713,40.712208000000004,16:53:00
79347,346,-74.006676,40.716534,904,-73.994812,40.718456,19:58:00
79479,2780,-73.955368,40.80442,2342,-73.966705,40.804176,18:08:00
79652,2252,-73.968742,40.764103000000006,2252,-73.968742,40.764103000000006,21:06:00
79705,393,-74.00589000000001,40.71468,429,-74.005211,40.720627,19:25:00
79723,735,-73.99852800000001,40.719788,1031,-73.99221800000001,40.717659000000005,19:41:00
79725,3296,-73.944328,40.788059000000004,697,-73.999367,40.730057,19:22:00
79774,405,-74.00565300000001,40.720058,1485,-73.98344399999999,40.722019,17:48:00
79778,257,-74.00823199999999,40.721965999999995,417,-74.005424,40.727878999999994,18:06:00
79803,754,-73.99807,40.730289,651,-74.000534,40.71843,19:42:00
79961,104,-74.011353,40.714909000000006,44,-74.014053,40.70908,21:06:00
79975,904,-73.994812,40.718456,1623,-73.981438,40.716716999999996,21:05:00
80057,104,-74.011353,40.714909000000006,308,-74.00739300000001,40.705181,16:55:00
80144,540,-74.002945,40.731136,498,-74.00383000000001,40.72345,19:50:00
80248,2196,-73.97003199999999,40.797253000000005,1633,-73.98123199999999,40.786919,19:06:00
80278,373,-74.006248,40.717083,26,-74.015381,40.715828,21:43:00
80333,1224,-73.988487,40.712769,1367,-73.985519,40.721985,19:28:00
80349,997,-73.99290500000001,40.719891,186,-74.00946,40.704544,19:20:00
80367,1485,-73.98344399999999,40.722019,485,-74.004028,40.716869,20:58:00
80421,2235,-73.969116,40.798508,2295,-73.967865,40.802662,19:07:00
80540,421,-74.005325,40.718272999999996,186,-74.00946,40.704544,19:55:00
80590,466,-74.004532,40.716286,385,-74.00601999999999,40.706142,20:00:00
80647,1585,-73.981995,40.77705,2210,-73.969658,40.762859000000006,18:51:00
80704,2095,-73.972397,40.79401,2235,-73.969116,40.798508,18:58:00
80805,1861,-73.976784,40.754269,412,-74.005524,40.705791,18:47:00
80834,2592,-73.959816,40.813839,3628,-73.938286,40.85091,17:58:00
80851,72,-74.012833,40.70245,177,-74.00966600000001,40.712727,17:07:00
80888,2012,-73.974129,40.73138,491,-74.003876,40.73814,19:39:00
80934,3207,-73.94603000000001,40.812119,2521,-73.96154,40.806133,20:15:00
80960,105,-74.011292,40.71891,1934,-73.975426,40.747883,19:45:00
81010,2148,-73.97123,40.795291999999996,1076,-73.991203,40.735878,19:43:00
81011,1113,-73.990486,40.719303000000004,519,-74.003365,40.708138,19:53:00
81144,1772,-73.978539,40.728745,1033,-73.992203,40.719666,18:52:00
81207,527,-74.003136,40.731464,527,-74.003136,40.731464,17:45:00
81226,399,-74.005775,40.717678,575,-74.002113,40.715164,19:07:00
81297,152,-74.010071,40.720757,615,-74.001389,40.734482,16:56:00
81464,42,-74.014282,40.704609000000005,656,-74.00045,40.714371,20:05:00
81505,26,-74.015381,40.715828,286,-74.007805,40.731784999999995,20:49:00
81507,2235,-73.969116,40.798508,3296,-73.944328,40.788059000000004,20:37:00
81611,928,-73.994354,40.719440000000006,526,-74.003151,40.734898,19:41:00
81751,121,-74.01080300000001,40.711018,550,-74.002602,40.719902000000005,17:47:00
81776,34,-74.014542,40.717106,807,-73.99691,40.766791999999995,20:58:00
81932,1086,-73.991013,40.728065,275,-74.00795699999999,40.717121,19:56:00
81974,496,-74.00386,40.738754,357,-74.006477,40.711231,19:45:00
82183,1190,-73.98909,40.773495000000004,413,-74.00550799999999,40.709091,19:38:00
82283,1945,-73.975235,40.735935,1996,-73.974503,40.732727000000004,20:31:00
82296,353,-74.00653100000001,40.708225,353,-74.00653100000001,40.708225,20:36:00
82340,320,-74.007118,40.711712,144,-74.010201,40.70332,19:42:00
82408,255,-74.008255,40.736961,330,-74.006973,40.729496000000005,20:16:00
82502,396,-74.005852,40.711681,854,-73.99588,40.724403,20:41:00
82545,1843,-73.97715,40.738796,3244,-73.945267,40.774254,21:03:00
82660,308,-74.00739300000001,40.705181,245,-74.008377,40.716587,20:02:00
82721,2295,-73.967865,40.802662,2829,-73.954285,40.783928,18:04:00
82897,550,-74.002602,40.719902000000005,65,-74.013023,40.717247,18:52:00
82997,723,-73.99874100000001,40.760104999999996,1254,-73.98781600000001,40.735291,20:36:00
83062,329,-74.00698100000001,40.735001000000004,1189,-73.989113,40.720306,20:58:00
83081,1906,-73.975891,40.788921,887,-73.995102,40.765232,18:52:00
83104,2107,-73.97221400000001,40.793949,2288,-73.967995,40.801384000000006,18:59:00
83105,1869,-73.976608,40.772774,626,-74.00110600000001,40.73344,18:49:00
83139,225,-74.008713,40.741474,633,-74.00095400000001,40.731705,17:30:00
83312,634,-74.000908,40.752182,608,-74.00145,40.721252,18:42:00
83322,803,-73.99698599999999,40.716541,803,-73.99698599999999,40.716541,18:11:00
83410,119,-74.010834,40.716927,1858,-73.976883,40.714626,18:49:00
83500,728,-73.998657,40.755253,723,-73.99874100000001,40.760104999999996,20:43:00
83544,2200,-73.969902,40.749736999999996,2200,-73.969902,40.749736999999996,21:46:00
83607,478,-74.004227,40.731128999999996,345,-74.006691,40.720436,19:22:00
83699,148,-74.010124,40.714382,637,-74.000862,40.70879,19:03:00
83741,58,-74.013329,40.705902,1505,-73.983101,40.717182,18:07:00
83852,72,-74.012833,40.70245,1153,-73.989807,40.728695,17:34:00
83855,56,-74.01349599999999,40.714481,104,-74.011353,40.714909000000006,17:46:00
83858,426,-74.00529499999999,40.740025,285,-74.007805,40.709091,17:33:00
83956,2095,-73.972397,40.79401,2342,-73.966705,40.804176,20:07:00
84055,1879,-73.976433,40.719051,2258,-73.96862,40.748234000000004,18:59:00
84123,58,-74.013329,40.705902,3916,-73.931,40.853062,21:29:00
84241,3595,-73.938858,40.844681,225,-74.008713,40.741474,19:48:00
84257,485,-74.004028,40.716869,895,-73.994957,40.770016,20:55:00
84300,396,-74.005852,40.711681,396,-74.005852,40.711681,18:56:00
84316,697,-73.999367,40.730057,436,-74.005127,40.709404,19:42:00
84337,502,-74.003731,40.72625,373,-74.006248,40.717083,21:16:00
84386,937,-73.994171,40.766506,125,-74.010666,40.729839,18:39:00
84514,2334,-73.967003,40.752311999999996,1389,-73.985176,40.781818,19:59:00
84531,1662,-73.980743,40.747704,2091,-73.972473,40.758998999999996,18:51:00
84715,399,-74.005775,40.717678,1300,-73.98696899999999,40.717857,18:14:00
84717,2954,-73.951599,40.79361,2766,-73.955696,40.81414,18:15:00
84750,789,-73.99736,40.729942,393,-74.00589000000001,40.71468,19:51:00
84801,579,-74.00202900000001,40.738129,339,-74.006805,40.719776,19:38:00
84869,1930,-73.975471,40.718895,757,-73.998039,40.714825,18:36:00
84954,308,-74.00739300000001,40.705181,1087,-73.990974,40.718348999999996,19:41:00
85213,1273,-73.987488,40.752159000000006,345,-74.006691,40.720436,18:02:00
85237,3223,-73.94567099999999,40.781948,3593,-73.93890400000001,40.805004,19:45:00
85298,463,-74.00457800000001,40.724174,1300,-73.98696899999999,40.717857,20:56:00
85303,446,-74.004929,40.735306,1078,-73.991173,40.717341999999995,20:50:00
85457,310,-74.007347,40.733589,1190,-73.98909,40.773495000000004,19:09:00
85478,127,-74.010559,40.713844,608,-74.00145,40.721252,19:22:00
85481,1575,-73.982086,40.723881,1972,-73.974876,40.734203,18:27:00
85505,729,-73.998627,40.713448,291,-74.00769,40.712547,20:20:00
85565,2843,-73.953888,40.79047,2942,-73.951881,40.784565,17:50:00
85604,3395,-73.942436,40.790627,2725,-73.956802,40.807545000000005,21:06:00
85628,1012,-73.992622,40.718849,482,-74.004059,40.713135,18:40:00
85654,861,-73.99575,40.720894,127,-74.010559,40.713844,18:49:00
85655,1294,-73.987076,40.780037,183,-74.009499,40.706379,19:02:00
85762,399,-74.005775,40.717678,1891,-73.97625,40.740025,19:35:00
85883,2196,-73.97003199999999,40.797253000000005,1705,-73.979919,40.783798,18:26:00
86026,250,-74.008324,40.736187,114,-74.011009,40.708595,17:37:00
86109,172,-74.009773,40.722122,896,-73.994934,40.755268,21:02:00
86139,1316,-73.986717,40.771626,693,-73.999527,40.751808000000004,20:42:00
86187,354,-74.0065,40.732426000000004,380,-74.006088,40.711971000000005,19:53:00
86202,46,-74.013962,40.707111,494,-74.00386800000001,40.739418,18:24:00
86293,466,-74.004532,40.716286,56,-74.01349599999999,40.714481,17:43:00
86366,2780,-73.955368,40.80442,3333,-73.943748,40.838463,19:55:00
86586,937,-73.994171,40.766506,779,-73.997612,40.753948,19:03:00
86621,784,-73.997505,40.71405,115,-74.011002,40.713328999999995,20:46:00
86638,1646,-73.981064,40.788506,2164,-73.97085600000001,40.793377,21:04:00
86714,2544,-73.961044,40.80175,3509,-73.94023100000001,40.851326,18:34:00
86800,373,-74.006248,40.717083,502,-74.003731,40.72625,17:50:00
86838,1063,-73.991425,40.717419,660,-74.000359,40.733973999999996,18:46:00
86872,727,-73.99868000000001,40.71188,1164,-73.989616,40.720463,20:34:00
86976,1979,-73.974747,40.745174,1084,-73.991035,40.72403,18:26:00
87007,519,-74.003365,40.708138,101,-74.011505,40.702957,20:24:00
87100,222,-74.00874300000001,40.719028,1656,-73.98088100000001,40.715927,19:02:00
87193,478,-74.004227,40.731128999999996,107,-74.011246,40.708304999999996,20:06:00
87369,127,-74.010559,40.713844,127,-74.010559,40.713844,17:44:00
87516,1891,-73.97625,40.740025,731,-73.998604,40.729687,18:11:00
87604,308,-74.00739300000001,40.705181,257,-74.00823199999999,40.721965999999995,17:41:00
87706,1153,-73.989807,40.728695,895,-73.994957,40.770016,20:32:00
87724,320,-74.007118,40.711712,1659,-73.98085,40.713553999999995,17:05:00
87822,2342,-73.966705,40.804176,2782,-73.955292,40.818481,20:37:00
87841,1377,-73.985359,40.773491,2122,-73.97177099999999,40.792126,20:33:00
87871,2334,-73.967003,40.752311999999996,697,-73.999367,40.730057,20:20:00
87874,908,-73.99475100000001,40.727818,956,-73.99382800000001,40.718143,20:30:00
88034,519,-74.003365,40.708138,82,-74.012054,40.720306,22:33:00
88126,112,-74.011108,40.715590999999996,14,-74.016624,40.708134,20:45:00
88335,34,-74.014542,40.717106,365,-74.00643199999999,40.720406,21:04:00
88368,273,-74.007988,40.746094,107,-74.011246,40.708304999999996,18:01:00
88381,141,-74.010231,40.732414,1751,-73.97893499999999,40.785121999999994,18:38:00
88426,575,-74.002113,40.715164,2391,-73.96521,40.801105,18:33:00
88454,2334,-73.967003,40.752311999999996,2394,-73.965096,40.769108,18:29:00
88709,573,-74.002136,40.737064000000004,914,-73.994652,40.725929,21:09:00
88726,1522,-73.98275,40.733925,1884,-73.976341,40.73595,21:55:00
88732,1164,-73.989616,40.720463,1918,-73.975693,40.728474,21:52:00
88752,2564,-73.960526,40.797367,2034,-73.97374,40.794594000000004,19:47:00
88764,540,-74.002945,40.731136,413,-74.00550799999999,40.709091,22:34:00
88788,393,-74.00589000000001,40.71468,904,-73.994812,40.718456,18:19:00
89088,129,-74.010544,40.709152,129,-74.010544,40.709152,18:16:00
89200,595,-74.001694,40.735535,1153,-73.989807,40.728695,21:49:00
89344,73,-74.012787,40.717129,512,-74.003525,40.736179,17:43:00
89460,928,-73.994354,40.719440000000006,245,-74.008377,40.716587,20:26:00
89486,962,-73.99374399999999,40.729008,58,-74.013329,40.705902,20:44:00
89579,378,-74.006134,40.719444,378,-74.006134,40.719444,22:18:00
89604,399,-74.005775,40.717678,553,-74.00254100000001,40.718628,20:48:00
89684,219,-74.008812,40.706013,23,-74.015694,40.704842,18:22:00
89691,641,-74.000725,40.735928,2295,-73.967865,40.802662,21:38:00
89746,762,-73.99793199999999,40.718159,177,-74.00966600000001,40.712727,19:45:00
89923,950,-73.994034,40.731285,613,-74.00140400000001,40.722557,20:36:00
89976,3920,-73.930878,40.848118,2915,-73.952507,40.800686,20:20:00
90004,1908,-73.975876,40.754704,1908,-73.975876,40.754704,20:19:00
90050,2533,-73.96125,40.811893,2485,-73.962456,40.804885999999996,19:31:00
90051,2564,-73.960526,40.797367,2449,-73.963425,40.76186,19:22:00
90083,373,-74.006248,40.717083,392,-74.005898,40.725025,20:51:00
90112,240,-74.008415,40.744759,1367,-73.985519,40.721985,18:36:00
90152,997,-73.99290500000001,40.719891,1530,-73.98264300000001,40.78495,22:25:00
90199,485,-74.004028,40.716869,107,-74.011246,40.708304999999996,21:20:00
90317,426,-74.00529499999999,40.740025,1057,-73.991646,40.722401,23:29:00
90329,278,-74.007942,40.714928,148,-74.010124,40.714382,23:34:00
90370,1567,-73.98217,40.72097,784,-73.997505,40.71405,21:49:00
90437,329,-74.00698100000001,40.735001000000004,1406,-73.98485600000001,40.711712,22:36:00
90457,329,-74.00698100000001,40.735001000000004,1662,-73.980743,40.747704,18:08:00
90479,385,-74.00601999999999,40.706142,385,-74.00601999999999,40.706142,20:11:00
90556,1123,-73.990311,40.71909,14,-74.016624,40.708134,22:27:00
90597,1213,-73.988647,40.742813,590,-74.001808,40.732948,20:50:00
90652,219,-74.008812,40.706013,697,-73.999367,40.730057,19:42:00
90714,2454,-73.963364,40.798565,3665,-73.937515,40.844134999999994,18:59:00
90717,962,-73.99374399999999,40.729008,1756,-73.978806,40.719826,19:04:00
90727,152,-74.010071,40.720757,151,-74.010071,40.725079,19:05:00
90841,2546,-73.961037,40.806828,2915,-73.952507,40.800686,21:55:00
90952,502,-74.003731,40.72625,2455,-73.963348,40.796089,21:26:00
91031,2450,-73.963425,40.771824,2450,-73.963425,40.771824,20:17:00
91047,812,-73.99681899999999,40.720486,1951,-73.975128,40.735432,20:09:00
91201,305,-74.00745400000001,40.706051,144,-74.010201,40.70332,21:59:00
91287,1151,-73.989861,40.720531,349,-74.006622,40.736431,22:35:00
91308,962,-73.99374399999999,40.729008,1611,-73.981636,40.724495000000005,21:23:00
91361,3595,-73.938858,40.844681,3533,-73.939888,40.835777,23:10:00
91373,112,-74.011108,40.715590999999996,129,-74.010544,40.709152,20:15:00
91382,34,-74.014542,40.717106,1367,-73.985519,40.721985,20:08:00
91455,222,-74.00874300000001,40.719028,44,-74.014053,40.70908,22:44:00
91812,1951,-73.975128,40.735432,4000,-73.924904,40.861553,21:50:00
91820,2380,-73.96560699999999,40.774406,2868,-73.953209,40.788528,21:00:00
91826,245,-74.008377,40.716587,55,-74.01351899999999,40.706944,21:04:00
91882,2034,-73.97374,40.794594000000004,2592,-73.959816,40.813839,18:10:00
92119,310,-74.007347,40.733589,582,-74.001961,40.761295000000004,21:09:00
92211,2546,-73.961037,40.806828,2909,-73.95258299999999,40.808239,23:38:00
92503,1586,-73.981995,40.769672,1094,-73.990868,40.773445,21:04:00
92720,950,-73.994034,40.731285,757,-73.998039,40.714825,23:37:00
92780,152,-74.010071,40.720757,660,-74.000359,40.733973999999996,22:00:00
92783,1029,-73.992233,40.721249,550,-74.002602,40.719902000000005,22:04:00
92827,305,-74.00745400000001,40.706051,700,-73.999321,40.715919,22:02:00
92832,2483,-73.96249399999999,40.773098,121,-74.01080300000001,40.711018,20:06:00
92897,162,-74.009918,40.721462,405,-74.00565300000001,40.720058,19:36:00
92904,1361,-73.985725,40.717838,2375,-73.96570600000001,40.80043,17:39:00
92920,194,-74.00923900000001,40.715519,457,-74.004738,40.724266,19:01:00
92973,136,-74.01039899999999,40.718803,172,-74.009773,40.722122,21:12:00
93230,1293,-73.987091,40.753609000000004,3847,-73.933228,40.852215,21:12:00
93384,1164,-73.989616,40.720463,225,-74.008713,40.741474,20:07:00
93493,1009,-73.992638,40.71513,1756,-73.978806,40.719826,22:37:00
93560,318,-74.007164,40.734295,172,-74.009773,40.722122,22:10:00
93665,2578,-73.96018199999999,40.758038,2163,-73.970901,40.748363,18:10:00
93687,373,-74.006248,40.717083,3948,-73.929581,40.849892,23:16:00
93723,1408,-73.984833,40.71767,1408,-73.984833,40.71767,22:04:00
93827,889,-73.995064,40.728809000000005,896,-73.994934,40.755268,20:57:00
93848,403,-74.005684,40.737553000000005,540,-74.002945,40.731136,21:54:00
93925,887,-73.995102,40.765232,1367,-73.985519,40.721985,22:27:00
93942,615,-74.001389,40.734482,1029,-73.992233,40.721249,22:39:00
93994,247,-74.008347,40.725914,194,-74.00923900000001,40.715519,19:31:00
94019,1906,-73.975891,40.788921,2653,-73.958405,40.807419,22:33:00
94052,1189,-73.989113,40.720306,466,-74.004532,40.716286,21:43:00
94137,772,-73.997765,40.716812,220,-74.00878900000001,40.704212,20:25:00
94225,1109,-73.990555,40.719177,1367,-73.985519,40.721985,23:49:00
94267,219,-74.008812,40.706013,1033,-73.992203,40.719666,22:00:00
94466,424,-74.005302,40.722198,498,-74.00383000000001,40.72345,23:43:00
94527,1756,-73.978806,40.719826,308,-74.00739300000001,40.705181,22:39:00
94720,2163,-73.970901,40.748363,136,-74.01039899999999,40.718803,18:12:00
94834,3204,-73.946083,40.821262,667,-74.00012199999999,40.707905,23:22:00
94842,889,-73.995064,40.728809000000005,956,-73.99382800000001,40.718143,23:14:00
94843,291,-74.00769,40.712547,729,-73.998627,40.713448,20:37:00
94847,2592,-73.959816,40.813839,641,-74.000725,40.735928,20:34:00
94986,56,-74.01349599999999,40.714481,799,-73.997101,40.714603000000004,22:40:00
95034,789,-73.99736,40.729942,1575,-73.982086,40.723881,22:34:00
95043,754,-73.99807,40.730289,107,-74.011246,40.708304999999996,22:35:00
95199,250,-74.008324,40.736187,162,-74.009918,40.721462,20:10:00
95267,3711,-73.93647,40.805671999999994,3183,-73.946617,40.794918,17:47:00
95411,697,-73.999367,40.730057,96,-74.011574,40.704018,22:51:00
95553,711,-73.99904599999999,40.708595,234,-74.008553,40.733402000000005,21:36:00
95565,89,-74.01178,40.72163,89,-74.01178,40.72163,21:58:00
95608,271,-74.008003,40.707977,304,-74.007462,40.707218,21:53:00
95634,177,-74.00966600000001,40.712727,2375,-73.96570600000001,40.80043,20:39:00
95661,1076,-73.991203,40.735878,239,-74.008438,40.734790999999994,20:27:00
95699,1433,-73.984444,40.733032,1029,-73.992233,40.721249,21:05:00
95718,1300,-73.98696899999999,40.717857,1300,-73.98696899999999,40.717857,23:04:00
95765,147,-74.01015500000001,40.712063,845,-73.996063,40.716248,21:42:00
95869,608,-74.00145,40.721252,23,-74.015694,40.704842,22:53:00
95876,762,-73.99793199999999,40.718159,681,-73.999702,40.711796,22:43:00
95878,421,-74.005325,40.718272999999996,2977,-73.951004,40.788425,21:43:00
95955,2093,-73.97245,40.769493,2093,-73.97245,40.769493,21:27:00
96053,226,-74.008698,40.719296,478,-74.004227,40.731128999999996,22:39:00
96176,1492,-73.983337,40.714931,1492,-73.983337,40.714931,21:51:00
96243,339,-74.006805,40.719776,339,-74.006805,40.719776,21:48:00
96440,2634,-73.958839,40.815182,2544,-73.961044,40.80175,22:16:00
96442,2337,-73.966904,40.752831,2449,-73.963425,40.76186,22:09:00
96500,676,-73.99987,40.720432,1091,-73.990936,40.77095,19:00:00
96618,695,-73.99942,40.718681,1611,-73.981636,40.724495000000005,20:07:00
96780,803,-73.99698599999999,40.716541,137,-74.010338,40.723515,22:49:00
96840,1195,-73.989037,40.721615,993,-73.993042,40.725452000000004,19:17:00
96847,1408,-73.984833,40.71767,676,-73.99987,40.720432,21:51:00
96855,914,-73.994652,40.725929,595,-74.001694,40.735535,22:02:00
96996,413,-74.00550799999999,40.709091,119,-74.010834,40.716927,21:19:00
97026,478,-74.004227,40.731128999999996,238,-74.00846899999999,40.720612,21:19:00
97099,786,-73.997398,40.721451,220,-74.00878900000001,40.704212,20:39:00
97100,573,-74.002136,40.737064000000004,2029,-73.973801,40.738369,20:48:00
97125,799,-73.997101,40.714603000000004,1029,-73.992233,40.721249,23:09:00
97146,2592,-73.959816,40.813839,2218,-73.969551,40.80035,20:51:00
97241,2295,-73.967865,40.802662,2826,-73.954346,40.824738,22:35:00
97332,633,-74.00095400000001,40.731705,3089,-73.948509,40.836365,20:47:00
97348,1997,-73.97449499999999,40.790805999999996,787,-73.99736800000001,40.762085,22:34:00
97435,426,-74.00529499999999,40.740025,36,-74.014427,40.703152,18:08:00
97436,18,-74.016335,40.70649,1996,-73.974503,40.732727000000004,18:10:00
97524,152,-74.010071,40.720757,152,-74.010071,40.720757,19:40:00
97551,299,-74.007561,40.725842,1522,-73.98275,40.733925,21:18:00
97561,27,-74.015221,40.716015000000006,1316,-73.986717,40.771626,19:47:00
97598,3395,-73.942436,40.790627,3025,-73.94989,40.790417,21:15:00
97615,136,-74.01039899999999,40.718803,305,-74.00745400000001,40.706051,20:15:00
97676,3444,-73.941505,40.801933,3717,-73.936363,40.794697,21:54:00
97684,962,-73.99374399999999,40.729008,458,-74.004684,40.73032,21:50:00
97689,405,-74.00565300000001,40.720058,427,-74.00527199999999,40.728851,19:37:00
97769,89,-74.01178,40.72163,89,-74.01178,40.72163,22:04:00
97993,1796,-73.97805,40.737553000000005,3656,-73.93776700000001,40.83868,21:36:00
98017,2093,-73.97245,40.769493,2093,-73.97245,40.769493,20:36:00
98223,44,-74.014053,40.70908,1505,-73.983101,40.717182,21:53:00
98283,2095,-73.972397,40.79401,2332,-73.967033,40.788483,23:08:00
98331,676,-73.99987,40.720432,587,-74.00188399999999,40.719398,21:01:00
98401,466,-74.004532,40.716286,1282,-73.987312,40.752891999999996,18:25:00
98447,2210,-73.969658,40.762859000000006,1109,-73.990555,40.719177,21:39:00
98638,2533,-73.96125,40.811893,3932,-73.930099,40.851791,23:09:00
98697,458,-74.004684,40.73032,284,-74.007812,40.703049,20:40:00
98736,1918,-73.975693,40.728474,463,-74.00457800000001,40.724174,21:57:00
98824,520,-74.003342,40.735538,1624,-73.981438,40.723633,21:08:00
98837,2644,-73.958557,40.7841,881,-73.99526999999999,40.727211,21:04:00
98999,222,-74.00874300000001,40.719028,1254,-73.98781600000001,40.735291,22:57:00
99069,787,-73.99736800000001,40.762085,3433,-73.94180300000001,40.812816999999995,20:24:00
99084,1756,-73.978806,40.719826,1870,-73.976578,40.715244,21:56:00
99231,2841,-73.95395699999999,40.806354999999996,3465,-73.941078,40.829082,22:36:00
99240,2533,-73.96125,40.811893,3932,-73.930099,40.851791,22:51:00
99255,574,-74.002121,40.732841,789,-73.99736,40.729942,21:07:00
99286,633,-74.00095400000001,40.731705,1000,-73.992836,40.720028000000006,22:50:00
99558,989,-73.993095,40.717921999999994,345,-74.006691,40.720436,22:05:00
99585,330,-74.006973,40.729496000000005,22,-74.01576999999999,40.71767,21:56:00
99656,482,-74.004059,40.713135,1856,-73.97689100000001,40.7225,23:26:00
99661,466,-74.004532,40.716286,297,-74.00762900000001,40.723495,22:42:00
99673,723,-73.99874100000001,40.760104999999996,1057,-73.991646,40.722401,22:31:00
99992,141,-74.010231,40.732414,312,-74.00729399999999,40.75309,18:28:00
100019,229,-74.00864399999999,40.72422,245,-74.008377,40.716587,20:35:00
100231,329,-74.00698100000001,40.735001000000004,1086,-73.991013,40.728065,21:53:00
