19,3272,-73.944771,40.787440999999994,2753,-73.956085,40.763668,12:24:00
29,2969,-73.951263,40.774291999999996,2864,-73.953262,40.782681,09:55:00
44,3531,-73.939911,40.815403,3014,-73.950188,40.801331,08:46:00
83,3281,-73.944649,40.814011,2780,-73.955368,40.80442,10:12:00
97,2982,-73.950928,40.785866,3422,-73.941948,40.787052,09:45:00
105,3090,-73.948502,40.782309999999995,3163,-73.946999,40.788383,09:17:00
174,2829,-73.954285,40.783928,2792,-73.955086,40.773331,11:58:00
210,3008,-73.95034,40.775566,3091,-73.948425,40.778175,02:55:00
253,2850,-73.95371999999999,40.782055,3071,-73.948921,40.796726,12:32:00
256,3048,-73.949455,40.827705,3036,-73.94967700000001,40.802025,12:22:00
274,2926,-73.95224,40.777190999999995,2743,-73.956337,40.775593,12:05:00
279,2877,-73.953041,40.80761,2906,-73.95264399999999,40.803062,10:58:00
283,3030,-73.949738,40.807041,2906,-73.95264399999999,40.803062,08:46:00
289,3829,-73.93373100000001,40.849319,2781,-73.955322,40.823662,08:39:00
326,2815,-73.954567,40.769768,2926,-73.95224,40.777190999999995,09:56:00
335,3044,-73.949486,40.772694,2753,-73.956085,40.763668,09:33:00
345,3849,-73.933174,40.795033000000004,3133,-73.947601,40.783546,12:27:00
364,2990,-73.95079,40.779175,2920,-73.95240799999999,40.799,09:58:00
365,3474,-73.940933,40.819096,3329,-73.94381,40.825333,10:04:00
414,3051,-73.949425,40.781059,2792,-73.955086,40.773331,11:04:00
417,3593,-73.93890400000001,40.805004,2850,-73.95371999999999,40.782055,11:02:00
458,2948,-73.95174399999999,40.777874,3273,-73.944763,40.774937,13:39:00
493,2846,-73.953812,40.822083,3407,-73.942261,40.806416,12:28:00
537,3133,-73.947601,40.783546,2752,-73.956085,40.778812,11:06:00
588,3231,-73.94548,40.807774,3874,-73.932152,40.800457,12:27:00
590,3098,-73.948311,40.79813,2730,-73.956749,40.789204,12:30:00
601,3288,-73.94453399999999,40.809071,3057,-73.949188,40.8027,08:45:00
606,3091,-73.948425,40.778175,3160,-73.947052,40.780056,08:45:00
690,3013,-73.950195,40.806412,3264,-73.944855,40.79998,12:01:00
736,3623,-73.93836999999999,40.80307,3762,-73.935425,40.795986,11:25:00
746,3560,-73.939461,40.816029,3385,-73.942719,40.811569,11:25:00
774,3264,-73.944855,40.79998,2820,-73.954514,40.810688,09:57:00
779,2949,-73.951729,40.773643,2840,-73.953987,40.77882,10:08:00
784,2907,-73.952591,40.810764,2907,-73.952591,40.810764,09:51:00
794,3082,-73.948608,40.789055,2740,-73.956474,40.771397,12:23:00
806,3113,-73.947968,40.778809,3669,-73.937416,40.804375,08:39:00
854,3159,-73.947067,40.784240999999994,3156,-73.947121,40.775928,12:39:00
876,2797,-73.954987,40.783409000000006,3156,-73.947121,40.775928,11:33:00
888,2962,-73.95137,40.791046,3351,-73.943382,40.799358000000005,09:22:00
905,2898,-73.952744,40.789169,2850,-73.95371999999999,40.782055,10:38:00
917,3208,-73.945976,40.807097999999996,3057,-73.949188,40.8027,11:34:00
945,3550,-73.93962900000001,40.794468,3009,-73.95034,40.779808,13:05:00
972,2905,-73.952667,40.786602,2815,-73.954567,40.769768,12:44:00
