5,2384,-73.96543100000001,40.771786,1564,-73.982208,40.777969,12:25:00
8,1432,-73.984451,40.728783,1862,-73.97674599999999,40.759167,09:10:00
14,1998,-73.97447199999999,40.746655,2089,-73.972549,40.764896,09:14:00
15,2303,-73.96772,40.802971,1510,-73.983063,40.776638,09:16:00
17,2467,-73.962921,40.758312,2452,-73.963387,40.76593,09:21:00
21,1820,-73.977638,40.746390999999996,2115,-73.971909,40.757126,12:29:00
23,2436,-73.963882,40.761234,1889,-73.976288,40.759789000000005,12:26:00
28,2539,-73.96109799999999,40.769058,2388,-73.965294,40.759312,09:54:00
30,1756,-73.978806,40.719826,1432,-73.984451,40.728783,09:41:00
40,2288,-73.967995,40.801384000000006,2230,-73.96933,40.78532,12:04:00
49,1542,-73.982353,40.762333,1986,-73.974648,40.753368,08:44:00
50,1560,-73.982231,40.727844,1424,-73.98455799999999,40.74844,08:52:00
53,2396,-73.964989,40.766605,2273,-73.968216,40.767967,09:00:00
69,1754,-73.978844,40.787579,2098,-73.972298,40.796577,10:02:00
81,1921,-73.975601,40.789619,1452,-73.984055,40.780415000000005,10:00:00
85,2423,-73.964302,40.764683000000005,1761,-73.978729,40.772415,09:55:00
87,2076,-73.97285500000001,40.793385,1566,-73.98217,40.768444,12:25:00
90,2577,-73.960228,40.766242999999996,1566,-73.98217,40.768444,12:21:00
91,1691,-73.980209,40.780559999999994,2407,-73.964706,40.791676,12:28:00
94,2235,-73.969116,40.798508,2567,-73.96041899999999,40.781532,12:23:00
96,1569,-73.982147,40.783035,1587,-73.981995,40.765453,12:24:00
104,1553,-73.98226899999999,40.771446000000005,2232,-73.969131,40.760929,09:04:00
109,2389,-73.96524000000001,40.755131,1986,-73.974648,40.753368,08:31:00
112,2065,-73.973122,40.792709,2143,-73.97126,40.782719,08:38:00
114,2015,-73.974068,40.749736999999996,1862,-73.97674599999999,40.759167,08:39:00
115,1805,-73.977837,40.778728,2626,-73.959129,40.801838000000004,08:35:00
120,1957,-73.975014,40.787684999999996,2630,-73.958931,40.774952,09:53:00
121,1801,-73.97789,40.74892,1498,-73.9832,40.750305,09:57:00
126,2025,-73.973969,40.762966,2097,-73.972359,40.762287,10:03:00
127,2281,-73.968063,40.76545,2492,-73.962257,40.772999,10:00:00
129,1952,-73.975105,40.792709,2028,-73.973839,40.757121999999995,08:31:00
133,2339,-73.966835,40.804234,2548,-73.960976,40.796738,08:42:00
136,1716,-73.979652,40.771156,1911,-73.97583,40.760418,08:38:00
138,2265,-73.968475,40.796642,2584,-73.960091,40.808113,09:55:00
142,1921,-73.975601,40.789619,2123,-73.971725,40.794613,09:13:00
145,1712,-73.979759,40.776092999999996,2057,-73.97319,40.746941,12:20:00
146,1722,-73.979515,40.761143,2177,-73.970497,40.764843,12:27:00
158,2720,-73.956932,40.770763,1557,-73.982254,40.769798,09:40:00
165,1581,-73.982025,40.732014,1773,-73.978516,40.736874,09:18:00
167,2096,-73.972359,40.756496000000006,1552,-73.982277,40.751575,09:12:00
172,2272,-73.968292,40.764728999999996,1769,-73.9786,40.762398,11:57:00
173,2720,-73.956932,40.770763,2060,-73.973145,40.748535,11:48:00
176,2060,-73.973145,40.748535,1403,-73.984932,40.736378,11:58:00
181,2184,-73.970345,40.75238,2411,-73.96453100000001,40.767231,11:54:00
184,1754,-73.978844,40.787579,2210,-73.969658,40.762859000000006,11:52:00
186,2432,-73.964012,40.773734999999995,2301,-73.96772800000001,40.762852,11:58:00
189,1468,-73.983727,40.760456,2046,-73.97357199999999,40.779476,11:53:00
191,1547,-73.98230699999999,40.773098,2301,-73.96772800000001,40.762852,11:58:00
194,2516,-73.961632,40.777,2726,-73.956802,40.774963,12:07:00
198,1531,-73.98262,40.782387,1431,-73.98446700000001,40.760773,11:54:00
200,1609,-73.981636,40.780312,1994,-73.974518,40.788361,12:00:00
202,1899,-73.976051,40.751434,2486,-73.96243299999999,40.75898,02:54:00
211,1627,-73.981369,40.752815000000005,1560,-73.982231,40.727844,02:51:00
215,1847,-73.97699,40.750156,1966,-73.974937,40.750099,02:50:00
221,1907,-73.975883,40.744778000000004,2494,-73.962212,40.770424,02:45:00
222,1380,-73.98530600000001,40.7276,2560,-73.96060899999999,40.76149,02:47:00
227,2367,-73.966011,40.767857,1631,-73.981316,40.741352,02:38:00
230,1452,-73.984055,40.780415000000005,2124,-73.971725,40.782059000000004,09:24:00
232,2254,-73.968674,40.767345,2497,-73.962158,40.776317999999996,12:31:00
248,2576,-73.960236,40.778908,1802,-73.97789,40.788895000000004,12:29:00
249,2413,-73.964478,40.773094,2452,-73.963387,40.76593,12:34:00
254,1723,-73.979507,40.743824,1635,-73.981224,40.747054999999996,12:35:00
255,2331,-73.967033,40.760933,2468,-73.962914,40.804253,12:17:00
257,1603,-73.981712,40.76712,1840,-73.97719599999999,40.764324,12:39:00
264,1409,-73.98481,40.760104999999996,1892,-73.97623399999999,40.765675,12:03:00
265,1532,-73.98259,40.777279,2170,-73.97075699999999,40.755825,11:55:00
267,1792,-73.97811899999999,40.745728,2097,-73.972359,40.762287,12:02:00
268,2520,-73.961548,40.768452,2486,-73.96243299999999,40.75898,11:58:00
269,1867,-73.976677,40.765029999999996,2536,-73.961166,40.756679999999996,11:54:00
272,2342,-73.966705,40.804176,2425,-73.964226,40.776309999999995,11:50:00
273,1576,-73.98207099999999,40.77877,2494,-73.962212,40.770424,11:59:00
276,1783,-73.978317,40.778069,1570,-73.982124,40.77383,12:08:00
278,1927,-73.97551,40.787003000000006,1757,-73.978798,40.777405,12:03:00
282,1626,-73.981392,40.737221000000005,1704,-73.979935,40.754784,08:18:00
291,1423,-73.984596,40.754177,1562,-73.98221600000001,40.764736,12:12:00
293,2625,-73.959175,40.771706,2274,-73.96817800000001,40.762238,12:10:00
294,1431,-73.98446700000001,40.760773,1431,-73.98446700000001,40.760773,12:15:00
306,1746,-73.979057,40.744461,1746,-73.979057,40.744461,12:18:00
312,1581,-73.982025,40.732014,1943,-73.975342,40.741276,08:20:00
314,1899,-73.976051,40.751434,2202,-73.969864,40.794734999999996,08:45:00
318,2590,-73.959854,40.773643,2474,-73.962769,40.778313,08:55:00
320,1717,-73.97963,40.749657,1999,-73.974457,40.762295,08:51:00
321,1628,-73.981369,40.767841,1736,-73.979279,40.781837,08:57:00
325,2333,-73.96701800000001,40.793564,2295,-73.967865,40.802662,09:46:00
328,1927,-73.97551,40.787003000000006,2484,-73.962471,40.767185,09:09:00
332,1657,-73.980858,40.74197,1514,-73.982956,40.747765,09:15:00
336,1964,-73.974968,40.755959000000004,1498,-73.9832,40.750305,09:13:00
346,2618,-73.959312,40.780174,1784,-73.978287,40.751514,12:16:00
348,1555,-73.982262,40.770626,1572,-73.98209399999999,40.774643,12:30:00
350,1892,-73.97623399999999,40.765675,1829,-73.977432,40.753716,12:30:00
354,2279,-73.968102,40.800545,2628,-73.959007,40.783466,12:22:00
358,2683,-73.957817,40.773575,2432,-73.964012,40.773734999999995,12:30:00
360,1700,-73.979973,40.760525,1700,-73.979973,40.760525,12:28:00
361,2426,-73.96418800000001,40.792384999999996,1874,-73.976501,40.756607,12:14:00
367,1779,-73.978371,40.752415,1735,-73.979286,40.752804,09:52:00
368,2053,-73.97331199999999,40.76099,2491,-73.962303,40.778946000000005,10:01:00
370,2526,-73.961464,40.801173999999996,2116,-73.971901,40.794682,12:27:00
371,2254,-73.968674,40.767345,2478,-73.962631,40.775627,12:30:00
376,1499,-73.983177,40.74456,1942,-73.975372,40.76104,12:26:00
381,1969,-73.974915,40.761665,1655,-73.98088800000001,40.75927,12:33:00
384,2131,-73.971649,40.766144,1414,-73.98477199999999,40.769218,12:29:00
385,1910,-73.975838,40.748863,2518,-73.961609,40.764365999999995,12:24:00
388,1454,-73.984009,40.729382,1882,-73.976372,40.744106,12:31:00
390,1907,-73.975883,40.744778000000004,1943,-73.975342,40.741276,08:50:00
391,2194,-73.970047,40.802265000000006,2282,-73.968048,40.804684,08:51:00
392,2230,-73.96933,40.78532,2672,-73.958023,40.778805,08:43:00
393,1534,-73.982529,40.731361,2280,-73.968063,40.755505,08:45:00
397,2025,-73.973969,40.762966,1369,-73.985489,40.752934,12:11:00
403,2434,-73.963936,40.797131,2644,-73.958557,40.7841,12:00:00
409,1801,-73.97789,40.74892,1427,-73.984528,40.742706,12:08:00
410,1854,-73.97689799999999,40.785095,1783,-73.978317,40.778069,12:07:00
422,1742,-73.97912600000001,40.785202000000005,2532,-73.96125,40.771729,11:58:00
426,1399,-73.985001,40.779121,1784,-73.978287,40.751514,13:36:00
435,1440,-73.984291,40.764778,1489,-73.983376,40.766033,08:50:00
441,1368,-73.985489,40.747169,1734,-73.979286,40.723507,02:40:00
450,2095,-73.972397,40.79401,2303,-73.96772,40.802971,02:59:00
452,1890,-73.976288,40.748245000000004,2152,-73.971214,40.755192,02:55:00
457,2349,-73.966576,40.789108,1729,-73.979393,40.791245,13:38:00
461,1564,-73.982208,40.777969,1875,-73.976479,40.790828999999995,12:30:00
462,1743,-73.97908000000001,40.740395,1422,-73.984634,40.759209000000006,12:26:00
464,2602,-73.95965600000001,40.771053,2221,-73.969429,40.753624,12:23:00
465,1478,-73.98362,40.749725,1949,-73.97513599999999,40.758488,12:29:00
468,1527,-73.98266600000001,40.739498,1735,-73.979286,40.752804,08:33:00
470,2025,-73.973969,40.762966,1451,-73.984077,40.749103999999996,08:31:00
480,2301,-73.96772800000001,40.762852,1745,-73.979057,40.761772,12:29:00
484,2131,-73.971649,40.766144,1832,-73.97737099999999,40.779365999999996,12:26:00
494,2055,-73.973274,40.755241,1503,-73.983124,40.734844,12:30:00
496,2503,-73.962013,40.767811,2104,-73.972229,40.759716,12:28:00
508,2625,-73.959175,40.771706,2684,-73.957809,40.779537,12:33:00
514,1400,-73.984978,40.742088,2125,-73.97171,40.750492,12:27:00
524,2578,-73.96018199999999,40.758038,2165,-73.970825,40.761641999999995,12:00:00
527,1648,-73.980988,40.764216999999995,1704,-73.979935,40.754784,11:06:00
529,1681,-73.980408,40.742588,1440,-73.984291,40.764778,10:55:00
533,1394,-73.985077,40.719082,1726,-73.979416,40.735565,11:02:00
534,2720,-73.956932,40.770763,2464,-73.962975,40.762485999999996,11:01:00
535,1625,-73.981422,40.781059,2309,-73.967537,40.771774,11:00:00
544,2374,-73.96575899999999,40.805446999999994,2556,-73.960686,40.814194,11:06:00
546,2167,-73.970795,40.783352,2624,-73.95919,40.777637,11:00:00
549,2628,-73.959007,40.783466,2206,-73.969849,40.757071999999994,10:54:00
555,2364,-73.966125,40.76218,2706,-73.957329,40.774277000000005,13:40:00
556,1371,-73.985474,40.778465000000004,1832,-73.97737099999999,40.779365999999996,11:49:00
558,2225,-73.969391,40.757702,1845,-73.977089,40.792725,11:38:00
559,1609,-73.981636,40.780312,1609,-73.981636,40.780312,11:54:00
567,2388,-73.965294,40.759312,1767,-73.978615,40.741028,11:48:00
570,1681,-73.980408,40.742588,1784,-73.978287,40.751514,11:56:00
571,2299,-73.967789,40.801296,2662,-73.95826,40.810623,08:19:00
579,2245,-73.96893299999999,40.790932,1736,-73.979279,40.781837,08:21:00
581,2055,-73.973274,40.755241,2474,-73.962769,40.778313,08:24:00
586,2078,-73.97281600000001,40.755871,1475,-73.983627,40.743946,12:30:00
589,1952,-73.975105,40.792709,2635,-73.95881700000001,40.780857,12:30:00
592,1813,-73.97773000000001,40.742275,1451,-73.984077,40.749103999999996,08:46:00
597,2676,-73.957939,40.776272,1905,-73.97596,40.776218,08:45:00
603,1417,-73.984734,40.739525,1417,-73.984734,40.739525,08:42:00
618,2144,-73.971245,40.747871,2522,-73.961525,40.760231,12:30:00
622,2435,-73.963913,40.771145000000004,2638,-73.958733,40.778271000000004,12:32:00
625,1386,-73.985229,40.768581,2355,-73.96639300000001,40.770477,12:04:00
640,2187,-73.970314,40.756451,2089,-73.972549,40.764896,12:35:00
643,1614,-73.981583,40.732639,1899,-73.976051,40.751434,12:39:00
644,1902,-73.976021,40.791453999999995,2199,-73.96991700000001,40.752956,12:25:00
645,1678,-73.98053,40.764839,2201,-73.969879,40.762951,12:41:00
646,2715,-73.957008,40.777546,2345,-73.966698,40.767326000000004,12:42:00
647,1613,-73.98159799999999,40.749641,1878,-73.97644,40.788277,12:31:00
651,1818,-73.977684,40.763645000000004,1466,-73.98382600000001,40.721474,12:17:00
653,1648,-73.980988,40.764216999999995,2369,-73.96590400000001,40.805515,08:21:00
658,1903,-73.975983,40.781269,1757,-73.978798,40.777405,08:56:00
659,2519,-73.96157099999999,40.774364,2400,-73.964867,40.76984,08:55:00
660,2403,-73.964798,40.759987,1907,-73.975883,40.744778000000004,08:56:00
668,1380,-73.98530600000001,40.7276,1976,-73.974777,40.729794,02:53:00
675,1631,-73.981316,40.741352,1397,-73.985046,40.747772,08:49:00
676,1799,-73.978004,40.729427,1741,-73.979179,40.750275,08:49:00
683,1644,-73.98111,40.744499,1707,-73.979866,40.734974,02:52:00
686,2060,-73.973145,40.748535,1951,-73.975128,40.735432,12:01:00
692,2245,-73.96893299999999,40.790932,1763,-73.978668,40.791752,12:08:00
694,2087,-73.972588,40.753319,2470,-73.962875,40.799236,11:53:00
697,1643,-73.981117,40.774227,1682,-73.98039200000001,40.754154,11:00:00
702,1545,-73.982315,40.772240000000004,1640,-73.98114,40.787693,11:04:00
710,2166,-73.970802,40.751746999999995,2199,-73.96991700000001,40.752956,03:00:00
714,1570,-73.982124,40.77383,2046,-73.97357199999999,40.779476,11:03:00
720,2049,-73.973465,40.763659999999994,1819,-73.977654,40.757912,11:02:00
722,1706,-73.979904,40.726867999999996,1657,-73.980858,40.74197,11:04:00
724,1757,-73.978798,40.777405,1573,-73.982086,40.773006,12:57:00
726,1502,-73.98313900000001,40.738842,2459,-73.96315799999999,40.769123,12:51:00
733,2053,-73.97331199999999,40.76099,2497,-73.962158,40.776317999999996,11:23:00
735,2041,-73.97359499999999,40.784538,1757,-73.978798,40.777405,11:25:00
741,1665,-73.980713,40.733814,1693,-73.980202,40.775478,11:21:00
743,1703,-73.979958,40.743206,2345,-73.966698,40.767326000000004,11:19:00
749,2079,-73.972755,40.795947999999996,2124,-73.971725,40.782059000000004,11:26:00
750,1609,-73.981636,40.780312,1802,-73.97789,40.788895000000004,11:26:00
760,2389,-73.96524000000001,40.755131,2384,-73.96543100000001,40.771786,10:38:00
762,1558,-73.98224599999999,40.776348,1745,-73.979057,40.761772,10:56:00
763,1853,-73.976913,40.779995,2311,-73.967529,40.792858,10:54:00
767,1675,-73.98056,40.769905,2368,-73.965935,40.771099,10:02:00
770,2389,-73.96524000000001,40.755131,2437,-73.96386700000001,40.757008,10:15:00
771,1534,-73.982529,40.731361,1397,-73.985046,40.747772,10:06:00
776,1927,-73.97551,40.787003000000006,2485,-73.962456,40.804885999999996,10:05:00
777,2025,-73.973969,40.762966,1954,-73.975105,40.752743,10:03:00
778,2055,-73.973274,40.755241,1515,-73.982941,40.771725,09:51:00
780,1820,-73.977638,40.746390999999996,2305,-73.967674,40.751995,10:06:00
785,1755,-73.978821,40.782463,1763,-73.978668,40.791752,10:10:00
786,2483,-73.96249399999999,40.773098,1880,-73.976433,40.785732,10:10:00
790,1899,-73.976051,40.751434,2423,-73.964302,40.764683000000005,10:09:00
793,1644,-73.98111,40.744499,1784,-73.978287,40.751514,12:35:00
796,2076,-73.97285500000001,40.793385,2159,-73.970955,40.764221,12:21:00
798,2285,-73.968025,40.759578999999995,1596,-73.98185,40.766289,12:31:00
807,1704,-73.979935,40.754784,2166,-73.970802,40.751746999999995,08:39:00
810,2034,-73.97374,40.794594000000004,1829,-73.977432,40.753716,08:35:00
823,1679,-73.980423,40.759899,1572,-73.98209399999999,40.774643,12:38:00
830,2398,-73.964935,40.772465000000004,2596,-73.95976999999999,40.779540999999995,12:39:00
835,1388,-73.98520699999999,40.763531,2190,-73.97028399999999,40.768024,12:28:00
836,1805,-73.977837,40.778728,1516,-73.98291,40.742027,12:20:00
840,2561,-73.96060200000001,40.769749,2124,-73.971725,40.782059000000004,12:31:00
844,1864,-73.97670699999999,40.767231,2046,-73.97357199999999,40.779476,12:34:00
848,1544,-73.982323,40.773922,1730,-73.979301,40.786945,12:31:00
849,2014,-73.974091,40.76395,2583,-73.960114,40.770424,12:35:00
850,1439,-73.98432199999999,40.769833,2014,-73.974091,40.76395,12:38:00
868,1921,-73.975601,40.789619,1607,-73.981651,40.778591,09:19:00
869,1929,-73.975487,40.781952000000004,1388,-73.98520699999999,40.763531,11:27:00
874,1695,-73.98011,40.770531,2306,-73.967606,40.75613,11:24:00
879,2061,-73.973145,40.765121,2640,-73.95871,40.772339,11:21:00
881,2314,-73.96749100000001,40.787876000000004,1750,-73.97895799999999,40.750175,11:26:00
882,2000,-73.974457,40.750755,2706,-73.957329,40.774277000000005,11:33:00
886,1385,-73.985229,40.738838,2031,-73.97377,40.79213,11:16:00
887,1830,-73.977417,40.755356,1678,-73.98053,40.764839,09:05:00
890,2602,-73.95965600000001,40.771053,1747,-73.979027,40.756031,09:17:00
898,1688,-73.980278,40.734409,2097,-73.972359,40.762287,10:52:00
902,2633,-73.958862,40.768116,2005,-73.974243,40.796581,10:46:00
903,1487,-73.983398,40.771099,2186,-73.970329,40.783978000000005,10:35:00
906,1561,-73.98221600000001,40.777794,1831,-73.97739399999999,40.789574,10:39:00
907,1526,-73.982697,40.735432,1718,-73.979591,40.784557,11:17:00
909,1642,-73.981125,40.750282,1840,-73.97719599999999,40.764324,11:23:00
910,1872,-73.97653199999999,40.750774,1840,-73.97719599999999,40.764324,11:33:00
914,1862,-73.97674599999999,40.759167,2576,-73.960236,40.778908,11:29:00
915,1747,-73.979027,40.756031,1552,-73.982277,40.751575,11:35:00
919,2376,-73.965698,40.754505,2285,-73.968025,40.759578999999995,11:36:00
924,1983,-73.974686,40.759109,2368,-73.965935,40.771099,11:35:00
932,2578,-73.96018199999999,40.758038,1552,-73.982277,40.751575,09:53:00
933,2459,-73.96315799999999,40.769123,2211,-73.969627,40.760253999999996,10:08:00
934,1565,-73.982208,40.768947999999995,2046,-73.97357199999999,40.779476,10:05:00
936,2127,-73.97168,40.746296,2353,-73.966515,40.808228,12:40:00
938,2637,-73.95877800000001,40.763988,2260,-73.968521,40.754875,12:58:00
940,1432,-73.984451,40.728783,2000,-73.974457,40.750755,12:58:00
944,2681,-73.957863,40.782158,2511,-73.961838,40.779583,13:04:00
949,2518,-73.961609,40.764365999999995,1750,-73.97895799999999,40.750175,12:57:00
952,1399,-73.985001,40.779121,2499,-73.962059,40.763737,12:53:00
963,2561,-73.96060200000001,40.769749,2478,-73.962631,40.775627,13:01:00
966,1761,-73.978729,40.772415,1904,-73.975975,40.786365999999994,12:25:00
968,1557,-73.982254,40.769798,2501,-73.962029,40.773734999999995,12:41:00
978,1597,-73.98181899999999,40.752196999999995,2638,-73.958733,40.778271000000004,12:59:00
979,2127,-73.97168,40.746296,2425,-73.964226,40.776309999999995,12:53:00
986,2630,-73.958931,40.774952,2693,-73.957634,40.785343,13:05:00
989,2478,-73.962631,40.775627,2403,-73.964798,40.759987,12:59:00
991,1971,-73.97489200000001,40.746047999999995,1614,-73.981583,40.732639,13:02:00
994,2135,-73.971451,40.757748,1424,-73.98455799999999,40.74844,12:57:00
995,1678,-73.98053,40.764839,2499,-73.962059,40.763737,13:00:00
998,1849,-73.976967,40.75597,2038,-73.97363299999999,40.764568,12:26:00
999,2707,-73.957314,40.780224,2518,-73.961609,40.764365999999995,12:24:00
1004,2232,-73.969131,40.760929,1435,-73.98442800000001,40.774761,12:02:00
