,0,1,2,3,4,5,6,7
0,2,240,-74.008415,40.744759,61,-74.013191,40.716499,12:22:00
1,12,35,-74.014488,40.710968,91,-74.011711,40.713657,09:19:00
2,13,594,-74.001717,40.709438,1141,-73.98996700000001,40.712646,09:21:00
3,18,852,-73.995941,40.75898,1101,-73.990723,40.755951,09:26:00
4,22,1310,-73.986824,40.751087,435,-74.005127,40.735962,12:24:00
5,25,1122,-73.990318,40.761604,136,-74.01039899999999,40.718803,12:13:00
6,27,1136,-73.99006700000001,40.746658000000004,670,-74.000084,40.758251,12:27:00
7,31,1080,-73.991112,40.733215,675,-73.999916,40.726936,09:56:00
8,39,361,-74.006447,40.739407,1135,-73.99006700000001,40.740879,12:11:00
9,45,532,-74.00308199999999,40.739079,374,-74.006233,40.723122,08:44:00
10,51,1232,-73.98833499999999,40.754131,650,-74.00054899999999,40.75761,08:58:00
11,54,389,-74.00595899999999,40.740134999999995,499,-74.003799,40.753223,02:48:00
12,55,486,-74.003975,40.732914,1243,-73.988152,40.731964000000005,02:43:00
13,57,1202,-73.988869,40.744534,254,-74.00827,40.707722,02:42:00
14,60,509,-74.003586,40.732310999999996,1340,-73.986214,40.734619,02:42:00
15,61,1146,-73.989914,40.735347999999995,1043,-73.99200400000001,40.7491,02:50:00
16,65,247,-74.008347,40.725914,517,-74.003372,40.72525,02:55:00
17,67,1007,-73.992699,40.763432,1362,-73.985718,40.767918,09:59:00
18,70,1285,-73.987274,40.775993,973,-73.993462,40.752196999999995,08:27:00
19,74,765,-73.997864,40.741054999999996,682,-73.999687,40.738552,08:30:00
20,77,682,-73.999687,40.738552,280,-74.007866,40.74781,08:42:00
21,78,865,-73.995644,40.744099,982,-73.993263,40.767742,08:38:00
22,80,1036,-73.992142,40.759102,670,-74.000084,40.758251,10:00:00
23,100,546,-74.002762,40.760178,650,-74.00054899999999,40.75761,09:29:00
24,102,913,-73.994652,40.765854,1107,-73.990616,40.750996,09:47:00
25,103,1285,-73.987274,40.775993,1016,-73.992531,40.753475,09:42:00
26,111,1346,-73.986145,40.743389,454,-74.004768,40.75687,08:24:00
27,113,880,-73.9953,40.749672,1101,-73.990723,40.755951,08:44:00
28,118,442,-74.00500500000001,40.706852000000005,664,-74.000275,40.717621,09:45:00
29,124,349,-74.006622,40.736431,982,-73.993263,40.767742,09:54:00
30,125,380,-74.006088,40.711971000000005,110,-74.011169,40.701782,09:51:00
31,135,952,-73.99395,40.751521999999994,707,-73.999146,40.754585,08:46:00
32,141,1093,-73.990891,40.765915,765,-73.997864,40.741054999999996,09:05:00
33,143,1219,-73.988556,40.769115,1299,-73.987015,40.76104,09:17:00
34,153,892,-73.995018,40.739861,774,-73.997757,40.756489,12:30:00
35,154,475,-74.00430300000001,40.730446,434,-74.005157,40.740856,12:31:00
36,156,1147,-73.989899,40.729557,1124,-73.990273,40.756565,12:20:00
37,159,588,-74.00188399999999,40.750828000000006,682,-73.999687,40.738552,09:47:00
38,160,1065,-73.991417,40.77029,582,-74.001961,40.761295000000004,09:48:00
39,163,25,-74.015518,40.707676,765,-73.997864,40.741054999999996,09:08:00
40,164,447,-74.00486,40.741642,952,-73.99395,40.751521999999994,09:13:00
41,166,1220,-73.988548,40.778244,1303,-73.986946,40.756035,09:00:00
42,170,1055,-73.991692,40.735203000000006,967,-73.99361400000001,40.736004,02:35:00
43,175,1056,-73.99168399999999,40.759727000000005,1081,-73.991112,40.75032,11:51:00
44,179,1303,-73.986946,40.756035,1266,-73.987587,40.765353999999995,11:57:00
45,188,388,-74.00595899999999,40.745232,800,-73.997101,40.747203999999996,12:00:00
46,192,48,-74.013885,40.709499,1204,-73.988838,40.758533,11:49:00
47,204,1299,-73.987015,40.76104,871,-73.995476,40.759628,02:54:00
48,207,459,-74.00466899999999,40.751965000000006,1191,-73.989067,40.768417,02:51:00
49,208,471,-74.004417,40.742283,629,-74.00102199999999,40.730247,02:55:00
50,212,1124,-73.990273,40.756565,1081,-73.991112,40.75032,02:54:00
51,213,1360,-73.985748,40.723007,1093,-73.990891,40.765915,02:42:00
52,218,1097,-73.990768,40.760985999999995,809,-73.99688,40.759357,02:51:00
53,240,748,-73.998207,40.755871,1200,-73.988945,40.763484999999996,09:41:00
54,241,1299,-73.987015,40.76104,1081,-73.991112,40.75032,09:47:00
55,271,726,-73.998711,40.73988,880,-73.9953,40.749672,12:02:00
56,275,942,-73.994125,40.726639,612,-74.001411,40.731064,12:03:00
57,280,31,-74.014877,40.709415,955,-73.993935,40.75898,08:00:00
58,281,932,-73.994263,40.746002000000004,665,-74.00018299999999,40.737865,08:29:00
59,284,344,-74.006737,40.730946,982,-73.993263,40.767742,08:42:00
60,288,696,-73.99942,40.744007,952,-73.99395,40.751521999999994,08:48:00
61,290,434,-74.005157,40.740856,85,-74.011948,40.707451,02:45:00
62,296,671,-74.000069,40.732929,1263,-73.98767099999999,40.728596,12:15:00
63,298,1098,-73.990753,40.734840000000005,1024,-73.992325,40.724911,12:12:00
64,299,985,-73.99324,40.730953,147,-74.01015500000001,40.712063,12:09:00
65,300,529,-74.003113,40.744034,312,-74.00729399999999,40.75309,12:17:00
66,301,295,-74.007645,40.748160999999996,1214,-73.988632,40.77412,12:05:00
67,308,1111,-73.990524,40.740257,163,-74.009911,40.738704999999996,12:11:00
68,311,1018,-73.992462,40.748470000000005,1124,-73.990273,40.756565,08:21:00
69,315,1145,-73.989937,40.734474,342,-74.00676700000001,40.705624,08:44:00
70,316,973,-73.993462,40.752196999999995,1229,-73.988388,40.759163,08:55:00
71,317,143,-74.010201,40.707695,1363,-73.98569499999999,40.744007,08:47:00
72,324,145,-74.01018499999999,40.720116,417,-74.005424,40.727878999999994,09:46:00
73,329,495,-74.00386,40.738396,374,-74.006233,40.723122,08:57:00
74,334,600,-74.00164000000001,40.761318,581,-74.001968,40.735069,08:55:00
75,343,929,-73.994293,40.732166,715,-73.99897,40.744628999999996,12:27:00
76,344,1330,-73.986458,40.75671,1330,-73.986458,40.75671,12:29:00
77,347,1107,-73.990616,40.750996,1051,-73.991791,40.726391,12:21:00
78,353,1101,-73.990723,40.755951,1162,-73.989662,40.729884999999996,12:14:00
79,355,1204,-73.988838,40.758533,1058,-73.99163100000001,40.754707,12:29:00
80,362,725,-73.998711,40.734783,821,-73.99658199999999,40.742809,12:27:00
81,375,501,-74.00376899999999,40.722384999999996,836,-73.9963,40.753395000000005,12:23:00
82,382,302,-74.00752299999999,40.732853000000006,29,-74.015068,40.709854,12:22:00
83,386,589,-74.001816,40.745827,1249,-73.98793,40.759792,12:26:00
84,398,558,-74.00248,40.730335,10,-74.016975,40.709038,11:59:00
85,399,449,-74.004829,40.737549,843,-73.99613199999999,40.743431,12:05:00
86,405,707,-73.999146,40.754585,1260,-73.987724,40.738316,11:52:00
87,408,558,-74.00248,40.730335,658,-74.00039699999999,40.747768,12:01:00
88,413,1359,-73.98575600000001,40.72699,745,-73.998276,40.73539,11:06:00
89,415,1025,-73.992317,40.743567999999996,324,-74.00705,40.74889,10:59:00
90,416,266,-74.00810200000001,40.738758000000004,311,-74.007317,40.727329,11:01:00
91,420,431,-74.005188,40.719837,725,-73.998711,40.734783,12:02:00
92,423,411,-74.005531,40.745815,649,-74.00056500000001,40.762627,12:02:00
93,428,973,-73.993462,40.752196999999995,281,-74.007858,40.746796,13:30:00
94,429,643,-74.000702,40.742252,893,-73.99498,40.7603,13:37:00
95,434,958,-73.993813,40.746615999999996,1101,-73.990723,40.755951,08:52:00
96,436,819,-73.996658,40.726933,258,-74.008209,40.730343,02:51:00
97,439,398,-74.005783,40.725674,716,-73.99895500000001,40.728069,02:48:00
98,440,811,-73.996841,40.737362,56,-74.01349599999999,40.714481,02:34:00
99,442,1065,-73.991417,40.77029,649,-74.00056500000001,40.762627,13:28:00
100,446,389,-74.00595899999999,40.740134999999995,19,-74.015984,40.715076,02:49:00
101,447,1167,-73.98957800000001,40.739838,1176,-73.989372,40.740589,02:46:00
102,453,812,-73.99681899999999,40.720486,261,-74.008156,40.73814,02:28:00
103,459,288,-74.00774399999999,40.71022,1135,-73.99006700000001,40.740879,13:34:00
104,467,216,-74.00883499999999,40.713795000000005,1030,-73.992226,40.737919,12:26:00
105,473,1077,-73.99118,40.755328999999996,670,-74.000084,40.758251,08:40:00
106,475,982,-73.993263,40.767742,512,-74.003525,40.736179,12:21:00
107,476,791,-73.997337,40.736668,929,-73.994293,40.732166,12:26:00
108,478,1139,-73.990013,40.772228000000005,338,-74.006813,40.744061,12:22:00
109,481,123,-74.010696,40.717468,990,-73.993088,40.72282,12:18:00
110,482,1262,-73.987686,40.732605,1223,-73.988487,40.764111,12:19:00
111,491,1146,-73.989914,40.735347999999995,765,-73.997864,40.741054999999996,12:27:00
112,495,843,-73.99613199999999,40.743431,802,-73.99700899999999,40.742228999999995,12:31:00
113,497,410,-74.005539,40.736916,1223,-73.988487,40.764111,12:28:00
114,502,1274,-73.987473,40.760406,1196,-73.989029,40.742264,12:25:00
115,503,1228,-73.988396,40.776516,546,-74.002762,40.760178,12:24:00
116,515,627,-74.001099,40.736565,194,-74.00923900000001,40.715519,12:29:00
117,519,1149,-73.989868,40.733528,47,-74.013947,40.713795000000005,12:19:00
118,523,1204,-73.988838,40.758533,1062,-73.991463,40.731739000000005,12:23:00
119,526,612,-74.001411,40.731064,987,-73.993149,40.727866999999996,12:07:00
120,539,1101,-73.990723,40.755951,1188,-73.98912800000001,40.74139,11:00:00
121,541,449,-74.004829,40.737549,836,-73.9963,40.753395000000005,10:54:00
122,548,366,-74.00640899999999,40.733055,768,-73.997803,40.736031,11:05:00
123,550,136,-74.01039899999999,40.718803,190,-74.009331,40.718693,11:07:00
124,553,1220,-73.988548,40.778244,687,-73.999611,40.723423,10:49:00
125,554,843,-73.99613199999999,40.743431,1145,-73.989937,40.734474,13:36:00
126,566,1219,-73.988556,40.769115,1337,-73.986298,40.722221000000005,11:34:00
127,573,678,-73.999847,40.743423,1124,-73.990273,40.756565,08:15:00
128,574,605,-74.00155600000001,40.741081,746,-73.99826,40.760784,08:19:00
129,580,1040,-73.992058,40.725643,482,-74.004059,40.713135,08:25:00
130,587,222,-74.00874300000001,40.719028,742,-73.99835999999999,40.72617,12:31:00
131,591,1090,-73.990944,40.739674,1248,-73.98796800000001,40.723942,13:28:00
132,596,1346,-73.986145,40.743389,1346,-73.986145,40.743389,08:44:00
133,598,1172,-73.989456,40.735989000000004,129,-74.010544,40.709152,08:22:00
134,604,716,-73.99895500000001,40.728069,1149,-73.989868,40.733528,08:43:00
135,609,1081,-73.991112,40.75032,585,-74.001938,40.755745000000005,08:45:00
136,611,639,-74.000816,40.71693,708,-73.999123,40.726543,08:46:00
137,615,559,-74.002426,40.755074,1018,-73.992462,40.748470000000005,08:50:00
138,619,394,-74.00586700000001,40.740261,884,-73.995163,40.744762,12:31:00
139,626,773,-73.997765,40.721577,1145,-73.989937,40.734474,12:05:00
140,629,696,-73.99942,40.744007,1301,-73.986961,40.736465,11:59:00
141,630,1081,-73.991112,40.75032,884,-73.995163,40.744762,13:37:00
142,635,1214,-73.988632,40.77412,808,-73.996902,40.762741,13:37:00
143,638,510,-74.00354,40.743446,108,-74.011246,40.725184999999996,13:34:00
144,642,600,-74.00164000000001,40.761318,1260,-73.987724,40.738316,12:40:00
145,648,607,-74.001465,40.737167,525,-74.003159,40.727665,12:36:00
146,652,1052,-73.991791,40.764683000000005,1251,-73.987892,40.754749,08:28:00
147,654,714,-73.998985,40.763603,1192,-73.989059,40.718708,08:06:00
148,663,733,-73.998589,40.717098,969,-73.993607,40.762184000000005,02:46:00
149,664,1318,-73.98667900000001,40.733978,744,-73.998283,40.740471,02:54:00
150,665,1361,-73.985725,40.717838,442,-74.00500500000001,40.706852000000005,02:50:00
151,666,535,-74.003029,40.733215,1212,-73.988647,40.722935,02:49:00
152,669,1051,-73.991791,40.726391,580,-74.002022,40.740444000000004,02:52:00
153,678,779,-73.997612,40.753948,1058,-73.99163100000001,40.754707,08:47:00
154,682,1151,-73.989861,40.720531,1204,-73.988838,40.758533,02:43:00
155,687,978,-73.993362,40.747234000000006,587,-74.00188399999999,40.719398,11:58:00
156,693,1178,-73.989304,40.741955,1124,-73.990273,40.756565,12:01:00
157,698,166,-74.009865,40.705795,216,-74.00883499999999,40.713795000000005,10:58:00
158,704,447,-74.00486,40.741642,500,-74.003792,40.731891999999995,11:03:00
159,705,7,-74.017365,40.704929,1349,-73.98601500000001,40.757339,10:47:00
160,707,322,-74.007088,40.728767,800,-73.997101,40.747203999999996,10:56:00
161,711,1018,-73.992462,40.748470000000005,1162,-73.989662,40.729884999999996,02:54:00
162,712,962,-73.99374399999999,40.729008,1043,-73.99200400000001,40.7491,11:02:00
163,715,447,-74.00486,40.741642,48,-74.013885,40.709499,10:55:00
164,717,1121,-73.990326,40.737099,624,-74.001129,40.741669,11:06:00
165,718,34,-74.014542,40.717106,136,-74.01039899999999,40.718803,11:03:00
166,725,817,-73.996773,40.725433,641,-74.000725,40.735928,12:53:00
167,732,1013,-73.99260699999999,40.724136,122,-74.010773,40.729107,11:18:00
168,734,580,-74.002022,40.740444000000004,810,-73.996864,40.757713,11:20:00
169,745,952,-73.99395,40.751521999999994,733,-73.998589,40.717098,11:09:00
170,747,1135,-73.99006700000001,40.740879,615,-74.001389,40.734482,11:25:00
171,748,774,-73.997757,40.756489,420,-74.005363,40.740944,11:23:00
172,753,963,-73.993736,40.741615,539,-74.00296800000001,40.734253,12:55:00
173,755,461,-74.004639,40.721354999999996,720,-73.99880999999999,40.723022,12:53:00
174,756,1288,-73.987183,40.733292,289,-74.007729,40.747505,12:45:00
175,758,427,-74.00527199999999,40.728851,127,-74.010559,40.713844,10:45:00
176,764,886,-73.995102,40.755035,471,-74.004417,40.742283,10:53:00
177,765,1237,-73.988251,40.71846,300,-74.007545,40.715431,10:48:00
178,768,996,-73.992912,40.747856,471,-74.004417,40.742283,10:09:00
179,769,1018,-73.992462,40.748470000000005,802,-73.99700899999999,40.742228999999995,10:09:00
180,773,856,-73.99585,40.725208,804,-73.996971,40.731407,10:06:00
181,775,617,-74.001328,40.74649,802,-73.99700899999999,40.742228999999995,10:06:00
182,783,1081,-73.991112,40.75032,843,-73.99613199999999,40.743431,10:07:00
183,789,31,-74.014877,40.709415,32,-74.014732,40.70982,09:47:00
184,799,95,-74.011581,40.703518,1055,-73.991692,40.735203000000006,12:28:00
185,805,299,-74.007561,40.725842,865,-73.995644,40.744099,08:39:00
186,809,248,-74.008347,40.721321,1075,-73.991226,40.760353,08:47:00
187,817,852,-73.995941,40.75898,1337,-73.986298,40.722221000000005,08:29:00
188,821,1093,-73.990891,40.765915,916,-73.99458299999999,40.734673,12:25:00
189,822,970,-73.99356800000001,40.757145,1107,-73.990616,40.750996,12:26:00
190,826,1048,-73.991875,40.744186,726,-73.998711,40.73988,12:38:00
191,832,869,-73.995544,40.764606,687,-73.999611,40.723423,12:27:00
192,833,853,-73.99591099999999,40.732845000000005,817,-73.996773,40.725433,12:35:00
193,834,853,-73.99591099999999,40.732845000000005,1162,-73.989662,40.729884999999996,12:33:00
194,837,1291,-73.987137,40.765965,487,-74.003967,40.742863,12:33:00
195,838,389,-74.00595899999999,40.740134999999995,159,-74.009987,40.701828000000006,12:24:00
196,842,437,-74.005112,40.751389,560,-74.002411,40.738766,12:28:00
197,845,1107,-73.990616,40.750996,650,-74.00054899999999,40.75761,12:33:00
198,852,34,-74.014542,40.717106,962,-73.99374399999999,40.729008,12:31:00
199,856,986,-73.993156,40.762806,964,-73.993721,40.767105,12:35:00
200,860,770,-73.997787,40.724236,445,-74.004936,40.731544,13:40:00
201,864,819,-73.996658,40.726933,601,-74.001595,40.72612,09:47:00
202,865,465,-74.00455500000001,40.706406,1253,-73.98786199999999,40.722698,09:40:00
203,878,1173,-73.989426,40.726189,836,-73.9963,40.753395000000005,11:25:00
204,892,1045,-73.99192,40.731167,185,-74.009476,40.710415000000005,10:52:00
205,894,952,-73.99395,40.751521999999994,892,-73.995018,40.739861,10:52:00
206,895,705,-73.999191,40.734134999999995,1025,-73.992317,40.743567999999996,10:57:00
207,896,1138,-73.99002800000001,40.732758000000004,1124,-73.990273,40.756565,10:52:00
208,899,419,-74.005386,40.73941,892,-73.995018,40.739861,10:53:00
209,900,25,-74.015518,40.707676,190,-74.009331,40.718693,10:53:00
210,901,843,-73.99613199999999,40.743431,398,-74.005783,40.725674,10:56:00
211,908,588,-74.00188399999999,40.750828000000006,625,-74.001129,40.724167,11:23:00
212,913,254,-74.00827,40.707722,698,-73.999344,40.725006,11:22:00
213,918,1335,-73.986389,40.730362,1185,-73.989166,40.747894,11:25:00
214,922,510,-74.00354,40.743446,1256,-73.98777,40.721233000000005,11:22:00
215,923,848,-73.996025,40.763969,1107,-73.990616,40.750996,11:31:00
216,930,948,-73.99404100000001,40.756493,456,-74.004745,40.734660999999996,10:05:00
217,939,542,-74.002808,40.733612,549,-74.002617,40.72488,12:56:00
218,946,1107,-73.990616,40.750996,1279,-73.98738900000001,40.735878,12:56:00
219,950,1010,-73.99263,40.75843,1161,-73.989693,40.752280999999996,12:58:00
220,954,1107,-73.990616,40.750996,1349,-73.98601500000001,40.757339,12:58:00
221,956,932,-73.994263,40.746002000000004,246,-74.00836899999999,40.735504,12:41:00
222,959,6,-74.017395,40.708458,330,-74.006973,40.729496000000005,12:54:00
223,960,1010,-73.99263,40.75843,738,-73.998489,40.745293,13:03:00
224,961,525,-74.003159,40.727665,1256,-73.98777,40.721233000000005,13:00:00
225,964,324,-74.00705,40.74889,1010,-73.99263,40.75843,12:56:00
226,967,887,-73.995102,40.765232,578,-74.00206,40.760712,12:43:00
227,969,691,-73.999557,40.733612,340,-74.006798,40.735721999999996,12:44:00
228,971,85,-74.011948,40.707451,1253,-73.98786199999999,40.722698,12:38:00
229,973,1187,-73.989136,40.743019,530,-74.003105,40.707671999999995,12:35:00
230,974,589,-74.001816,40.745827,557,-74.00248,40.739731,12:46:00
231,981,544,-74.002785,40.749592,880,-73.9953,40.749672,13:03:00
232,982,848,-73.996025,40.763969,85,-74.011948,40.707451,12:01:00
233,983,772,-73.997765,40.716812,1064,-73.991417,40.744801,13:01:00
234,992,1242,-73.988159,40.737732,959,-73.993797,40.720936,12:58:00
235,996,1140,-73.989983,40.767159,1242,-73.988159,40.737732,12:17:00
236,1003,1097,-73.990768,40.760985999999995,65,-74.013023,40.717247,11:53:00
